2022/04/13-22:10:52.720458 7f24d4ba9700 RocksDB version: 6.15.2
2022/04/13-22:10:52.720524 7f24d4ba9700 Git sha rocksdb_build_git_sha:
2022/04/13-22:10:52.720527 7f24d4ba9700 Compile date Jan  4 2021
2022/04/13-22:10:52.720632 7f24d4ba9700 DB SUMMARY
2022/04/13-22:10:52.720636 7f24d4ba9700 DB Session ID:  0NCDEVSXR1NYWO684NFL
2022/04/13-22:10:52.720724 7f24d4ba9700 CURRENT file:  CURRENT
2022/04/13-22:10:52.720728 7f24d4ba9700 IDENTITY file:  IDENTITY
2022/04/13-22:10:52.720735 7f24d4ba9700 MANIFEST file:  MANIFEST-000062 size: 1058 Bytes
2022/04/13-22:10:52.720740 7f24d4ba9700 SST files in /home/me/Desktop/besu-21.10.9/ibft2.0/node2/./data/database dir, Total Num: 5, files: 000048.sst 000051.sst 000057.sst 000060.sst 000061.sst 
2022/04/13-22:10:52.720742 7f24d4ba9700 Write Ahead Log file in /home/me/Desktop/besu-21.10.9/ibft2.0/node2/./data/database: 000063.log size: 786310 ; 
2022/04/13-22:10:52.720748 7f24d4ba9700                         Options.error_if_exists: 0
2022/04/13-22:10:52.720750 7f24d4ba9700                       Options.create_if_missing: 1
2022/04/13-22:10:52.720751 7f24d4ba9700                         Options.paranoid_checks: 1
2022/04/13-22:10:52.720753 7f24d4ba9700                               Options.track_and_verify_wals_in_manifest: 0
2022/04/13-22:10:52.720754 7f24d4ba9700                                     Options.env: 0x7f2453fbc3c0
2022/04/13-22:10:52.720756 7f24d4ba9700                                      Options.fs: Posix File System
2022/04/13-22:10:52.720757 7f24d4ba9700                                Options.info_log: 0x7f24d17c2360
2022/04/13-22:10:52.720759 7f24d4ba9700                Options.max_file_opening_threads: 16
2022/04/13-22:10:52.720760 7f24d4ba9700                              Options.statistics: 0x7f24d174e520
2022/04/13-22:10:52.720762 7f24d4ba9700                               Options.use_fsync: 0
2022/04/13-22:10:52.720763 7f24d4ba9700                       Options.max_log_file_size: 0
2022/04/13-22:10:52.720765 7f24d4ba9700                  Options.max_manifest_file_size: 1073741824
2022/04/13-22:10:52.720766 7f24d4ba9700                   Options.log_file_time_to_roll: 0
2022/04/13-22:10:52.720768 7f24d4ba9700                       Options.keep_log_file_num: 1000
2022/04/13-22:10:52.720769 7f24d4ba9700                    Options.recycle_log_file_num: 0
2022/04/13-22:10:52.720770 7f24d4ba9700                         Options.allow_fallocate: 1
2022/04/13-22:10:52.720772 7f24d4ba9700                        Options.allow_mmap_reads: 0
2022/04/13-22:10:52.720773 7f24d4ba9700                       Options.allow_mmap_writes: 0
2022/04/13-22:10:52.720775 7f24d4ba9700                        Options.use_direct_reads: 0
2022/04/13-22:10:52.720776 7f24d4ba9700                        Options.use_direct_io_for_flush_and_compaction: 0
2022/04/13-22:10:52.720778 7f24d4ba9700          Options.create_missing_column_families: 1
2022/04/13-22:10:52.720779 7f24d4ba9700                              Options.db_log_dir: 
2022/04/13-22:10:52.720781 7f24d4ba9700                                 Options.wal_dir: /home/me/Desktop/besu-21.10.9/ibft2.0/node2/./data/database
2022/04/13-22:10:52.720782 7f24d4ba9700                Options.table_cache_numshardbits: 6
2022/04/13-22:10:52.720784 7f24d4ba9700                         Options.WAL_ttl_seconds: 0
2022/04/13-22:10:52.720785 7f24d4ba9700                       Options.WAL_size_limit_MB: 0
2022/04/13-22:10:52.720786 7f24d4ba9700                        Options.max_write_batch_group_size_bytes: 1048576
2022/04/13-22:10:52.720788 7f24d4ba9700             Options.manifest_preallocation_size: 4194304
2022/04/13-22:10:52.720789 7f24d4ba9700                     Options.is_fd_close_on_exec: 1
2022/04/13-22:10:52.720791 7f24d4ba9700                   Options.advise_random_on_open: 1
2022/04/13-22:10:52.720792 7f24d4ba9700                    Options.db_write_buffer_size: 0
2022/04/13-22:10:52.720793 7f24d4ba9700                    Options.write_buffer_manager: 0x7f24d17c2ac0
2022/04/13-22:10:52.720795 7f24d4ba9700         Options.access_hint_on_compaction_start: 1
2022/04/13-22:10:52.720796 7f24d4ba9700  Options.new_table_reader_for_compaction_inputs: 0
2022/04/13-22:10:52.720836 7f24d4ba9700           Options.random_access_max_buffer_size: 1048576
2022/04/13-22:10:52.720839 7f24d4ba9700                      Options.use_adaptive_mutex: 0
2022/04/13-22:10:52.720840 7f24d4ba9700                            Options.rate_limiter: (nil)
2022/04/13-22:10:52.720847 7f24d4ba9700     Options.sst_file_manager.rate_bytes_per_sec: 0
2022/04/13-22:10:52.720848 7f24d4ba9700                       Options.wal_recovery_mode: 2
2022/04/13-22:10:52.720850 7f24d4ba9700                  Options.enable_thread_tracking: 0
2022/04/13-22:10:52.720851 7f24d4ba9700                  Options.enable_pipelined_write: 0
2022/04/13-22:10:52.720853 7f24d4ba9700                  Options.unordered_write: 0
2022/04/13-22:10:52.720854 7f24d4ba9700         Options.allow_concurrent_memtable_write: 1
2022/04/13-22:10:52.720855 7f24d4ba9700      Options.enable_write_thread_adaptive_yield: 1
2022/04/13-22:10:52.720857 7f24d4ba9700             Options.write_thread_max_yield_usec: 100
2022/04/13-22:10:52.720858 7f24d4ba9700            Options.write_thread_slow_yield_usec: 3
2022/04/13-22:10:52.720860 7f24d4ba9700                               Options.row_cache: None
2022/04/13-22:10:52.720861 7f24d4ba9700                              Options.wal_filter: None
2022/04/13-22:10:52.720863 7f24d4ba9700             Options.avoid_flush_during_recovery: 0
2022/04/13-22:10:52.720864 7f24d4ba9700             Options.allow_ingest_behind: 0
2022/04/13-22:10:52.720866 7f24d4ba9700             Options.preserve_deletes: 0
2022/04/13-22:10:52.720867 7f24d4ba9700             Options.two_write_queues: 0
2022/04/13-22:10:52.720869 7f24d4ba9700             Options.manual_wal_flush: 0
2022/04/13-22:10:52.720870 7f24d4ba9700             Options.atomic_flush: 0
2022/04/13-22:10:52.720871 7f24d4ba9700             Options.avoid_unnecessary_blocking_io: 0
2022/04/13-22:10:52.720873 7f24d4ba9700                 Options.persist_stats_to_disk: 0
2022/04/13-22:10:52.720874 7f24d4ba9700                 Options.write_dbid_to_manifest: 0
2022/04/13-22:10:52.720876 7f24d4ba9700                 Options.log_readahead_size: 0
2022/04/13-22:10:52.720877 7f24d4ba9700                 Options.file_checksum_gen_factory: Unknown
2022/04/13-22:10:52.720879 7f24d4ba9700                 Options.best_efforts_recovery: 0
2022/04/13-22:10:52.720881 7f24d4ba9700                Options.max_bgerror_resume_count: 2147483647
2022/04/13-22:10:52.720882 7f24d4ba9700            Options.bgerror_resume_retry_interval: 1000000
2022/04/13-22:10:52.720884 7f24d4ba9700             Options.allow_data_in_errors: 0
2022/04/13-22:10:52.720885 7f24d4ba9700             Options.db_host_id: __hostname__
2022/04/13-22:10:52.720889 7f24d4ba9700             Options.max_background_jobs: 2
2022/04/13-22:10:52.720890 7f24d4ba9700             Options.max_background_compactions: 4
2022/04/13-22:10:52.720892 7f24d4ba9700             Options.max_subcompactions: 1
2022/04/13-22:10:52.720893 7f24d4ba9700             Options.avoid_flush_during_shutdown: 0
2022/04/13-22:10:52.720894 7f24d4ba9700           Options.writable_file_max_buffer_size: 1048576
2022/04/13-22:10:52.720896 7f24d4ba9700             Options.delayed_write_rate : 16777216
2022/04/13-22:10:52.720897 7f24d4ba9700             Options.max_total_wal_size: 0
2022/04/13-22:10:52.720899 7f24d4ba9700             Options.delete_obsolete_files_period_micros: 21600000000
2022/04/13-22:10:52.720900 7f24d4ba9700                   Options.stats_dump_period_sec: 600
2022/04/13-22:10:52.720902 7f24d4ba9700                 Options.stats_persist_period_sec: 600
2022/04/13-22:10:52.720903 7f24d4ba9700                 Options.stats_history_buffer_size: 1048576
2022/04/13-22:10:52.720905 7f24d4ba9700                          Options.max_open_files: 1024
2022/04/13-22:10:52.720907 7f24d4ba9700                          Options.bytes_per_sync: 0
2022/04/13-22:10:52.720909 7f24d4ba9700                      Options.wal_bytes_per_sync: 0
2022/04/13-22:10:52.720910 7f24d4ba9700                   Options.strict_bytes_per_sync: 0
2022/04/13-22:10:52.720941 7f24d4ba9700       Options.compaction_readahead_size: 0
2022/04/13-22:10:52.720944 7f24d4ba9700                  Options.max_background_flushes: -1
2022/04/13-22:10:52.720945 7f24d4ba9700 Compression algorithms supported:
2022/04/13-22:10:52.720948 7f24d4ba9700 	kZSTDNotFinalCompression supported: 1
2022/04/13-22:10:52.720960 7f24d4ba9700 	kZSTD supported: 1
2022/04/13-22:10:52.720962 7f24d4ba9700 	kXpressCompression supported: 0
2022/04/13-22:10:52.720964 7f24d4ba9700 	kLZ4HCCompression supported: 1
2022/04/13-22:10:52.720965 7f24d4ba9700 	kLZ4Compression supported: 1
2022/04/13-22:10:52.720967 7f24d4ba9700 	kBZip2Compression supported: 1
2022/04/13-22:10:52.720968 7f24d4ba9700 	kZlibCompression supported: 1
2022/04/13-22:10:52.720970 7f24d4ba9700 	kSnappyCompression supported: 1
2022/04/13-22:10:52.720978 7f24d4ba9700 Fast CRC32 supported: Not supported on x86
2022/04/13-22:10:52.721551 7f24d4ba9700 [/version_set.cc:4725] Recovering from manifest file: /home/me/Desktop/besu-21.10.9/ibft2.0/node2/./data/database/MANIFEST-000062
2022/04/13-22:10:52.721843 7f24d4ba9700 [/column_family.cc:597] --------------- Options for column family [default]:
2022/04/13-22:10:52.721848 7f24d4ba9700               Options.comparator: leveldb.BytewiseComparator
2022/04/13-22:10:52.721850 7f24d4ba9700           Options.merge_operator: None
2022/04/13-22:10:52.721851 7f24d4ba9700        Options.compaction_filter: None
2022/04/13-22:10:52.721852 7f24d4ba9700        Options.compaction_filter_factory: None
2022/04/13-22:10:52.721853 7f24d4ba9700  Options.sst_partitioner_factory: None
2022/04/13-22:10:52.721855 7f24d4ba9700         Options.memtable_factory: SkipListFactory
2022/04/13-22:10:52.721856 7f24d4ba9700            Options.table_factory: BlockBasedTable
2022/04/13-22:10:52.721891 7f24d4ba9700            table_factory options:   flush_block_policy_factory: FlushBlockBySizePolicyFactory (0x7f24d17582c0)
  cache_index_and_filter_blocks: 0
  cache_index_and_filter_blocks_with_high_priority: 1
  pin_l0_filter_and_index_blocks_in_cache: 0
  pin_top_level_index_and_filter: 1
  index_type: 0
  data_block_index_type: 0
  index_shortening: 1
  data_block_hash_table_util_ratio: 0.750000
  hash_index_allow_collision: 1
  checksum: 1
  no_block_cache: 0
  block_cache: 0x7f24d1755dc0
  block_cache_name: LRUCache
  block_cache_options:
    capacity : 8388608
    num_shard_bits : 4
    strict_capacity_limit : 0
    memory_allocator : None
    high_pri_pool_ratio: 0.000
  block_cache_compressed: (nil)
  persistent_cache: (nil)
  block_size: 4096
  block_size_deviation: 10
  block_restart_interval: 16
  index_block_restart_interval: 1
  metadata_block_size: 4096
  partition_filters: 0
  use_delta_encoding: 1
  filter_policy: nullptr
  whole_key_filtering: 1
  verify_compression: 0
  read_amp_bytes_per_bit: 0
  format_version: 4
  enable_index_compression: 1
  block_align: 0
2022/04/13-22:10:52.721893 7f24d4ba9700        Options.write_buffer_size: 67108864
2022/04/13-22:10:52.721895 7f24d4ba9700  Options.max_write_buffer_number: 2
2022/04/13-22:10:52.721896 7f24d4ba9700          Options.compression: Snappy
2022/04/13-22:10:52.721897 7f24d4ba9700                  Options.bottommost_compression: Disabled
2022/04/13-22:10:52.721898 7f24d4ba9700       Options.prefix_extractor: nullptr
2022/04/13-22:10:52.721900 7f24d4ba9700   Options.memtable_insert_with_hint_prefix_extractor: nullptr
2022/04/13-22:10:52.721901 7f24d4ba9700             Options.num_levels: 7
2022/04/13-22:10:52.721902 7f24d4ba9700        Options.min_write_buffer_number_to_merge: 1
2022/04/13-22:10:52.721903 7f24d4ba9700     Options.max_write_buffer_number_to_maintain: 0
2022/04/13-22:10:52.721904 7f24d4ba9700     Options.max_write_buffer_size_to_maintain: 134217728
2022/04/13-22:10:52.721905 7f24d4ba9700            Options.bottommost_compression_opts.window_bits: -14
2022/04/13-22:10:52.721906 7f24d4ba9700                  Options.bottommost_compression_opts.level: 32767
2022/04/13-22:10:52.721907 7f24d4ba9700               Options.bottommost_compression_opts.strategy: 0
2022/04/13-22:10:52.721925 7f24d4ba9700         Options.bottommost_compression_opts.max_dict_bytes: 0
2022/04/13-22:10:52.721927 7f24d4ba9700         Options.bottommost_compression_opts.zstd_max_train_bytes: 0
2022/04/13-22:10:52.721928 7f24d4ba9700         Options.bottommost_compression_opts.parallel_threads: 1
2022/04/13-22:10:52.721929 7f24d4ba9700                  Options.bottommost_compression_opts.enabled: false
2022/04/13-22:10:52.721930 7f24d4ba9700            Options.compression_opts.window_bits: -14
2022/04/13-22:10:52.721931 7f24d4ba9700                  Options.compression_opts.level: 32767
2022/04/13-22:10:52.721932 7f24d4ba9700               Options.compression_opts.strategy: 0
2022/04/13-22:10:52.721933 7f24d4ba9700         Options.compression_opts.max_dict_bytes: 0
2022/04/13-22:10:52.721934 7f24d4ba9700         Options.compression_opts.zstd_max_train_bytes: 0
2022/04/13-22:10:52.721935 7f24d4ba9700         Options.compression_opts.parallel_threads: 1
2022/04/13-22:10:52.721936 7f24d4ba9700                  Options.compression_opts.enabled: false
2022/04/13-22:10:52.721937 7f24d4ba9700      Options.level0_file_num_compaction_trigger: 4
2022/04/13-22:10:52.721938 7f24d4ba9700          Options.level0_slowdown_writes_trigger: 20
2022/04/13-22:10:52.721939 7f24d4ba9700              Options.level0_stop_writes_trigger: 36
2022/04/13-22:10:52.721940 7f24d4ba9700                   Options.target_file_size_base: 67108864
2022/04/13-22:10:52.721941 7f24d4ba9700             Options.target_file_size_multiplier: 1
2022/04/13-22:10:52.721942 7f24d4ba9700                Options.max_bytes_for_level_base: 268435456
2022/04/13-22:10:52.721943 7f24d4ba9700 Options.level_compaction_dynamic_level_bytes: 0
2022/04/13-22:10:52.721944 7f24d4ba9700          Options.max_bytes_for_level_multiplier: 10.000000
2022/04/13-22:10:52.721947 7f24d4ba9700 Options.max_bytes_for_level_multiplier_addtl[0]: 1
2022/04/13-22:10:52.721948 7f24d4ba9700 Options.max_bytes_for_level_multiplier_addtl[1]: 1
2022/04/13-22:10:52.721949 7f24d4ba9700 Options.max_bytes_for_level_multiplier_addtl[2]: 1
2022/04/13-22:10:52.721950 7f24d4ba9700 Options.max_bytes_for_level_multiplier_addtl[3]: 1
2022/04/13-22:10:52.721951 7f24d4ba9700 Options.max_bytes_for_level_multiplier_addtl[4]: 1
2022/04/13-22:10:52.721952 7f24d4ba9700 Options.max_bytes_for_level_multiplier_addtl[5]: 1
2022/04/13-22:10:52.721953 7f24d4ba9700 Options.max_bytes_for_level_multiplier_addtl[6]: 1
2022/04/13-22:10:52.721954 7f24d4ba9700       Options.max_sequential_skip_in_iterations: 8
2022/04/13-22:10:52.721955 7f24d4ba9700                    Options.max_compaction_bytes: 1677721600
2022/04/13-22:10:52.721956 7f24d4ba9700                        Options.arena_block_size: 8388608
2022/04/13-22:10:52.721957 7f24d4ba9700   Options.soft_pending_compaction_bytes_limit: 68719476736
2022/04/13-22:10:52.721958 7f24d4ba9700   Options.hard_pending_compaction_bytes_limit: 274877906944
2022/04/13-22:10:52.721960 7f24d4ba9700       Options.rate_limit_delay_max_milliseconds: 100
2022/04/13-22:10:52.721961 7f24d4ba9700                Options.disable_auto_compactions: 0
2022/04/13-22:10:52.721962 7f24d4ba9700                        Options.compaction_style: kCompactionStyleLevel
2022/04/13-22:10:52.721963 7f24d4ba9700                          Options.compaction_pri: kMinOverlappingRatio
2022/04/13-22:10:52.721965 7f24d4ba9700 Options.compaction_options_universal.size_ratio: 1
2022/04/13-22:10:52.721966 7f24d4ba9700 Options.compaction_options_universal.min_merge_width: 2
2022/04/13-22:10:52.721967 7f24d4ba9700 Options.compaction_options_universal.max_merge_width: 4294967295
2022/04/13-22:10:52.721968 7f24d4ba9700 Options.compaction_options_universal.max_size_amplification_percent: 200
2022/04/13-22:10:52.721969 7f24d4ba9700 Options.compaction_options_universal.compression_size_percent: -1
2022/04/13-22:10:52.721970 7f24d4ba9700 Options.compaction_options_universal.stop_style: kCompactionStopStyleTotalSize
2022/04/13-22:10:52.721971 7f24d4ba9700 Options.compaction_options_fifo.max_table_files_size: 1073741824
2022/04/13-22:10:52.721981 7f24d4ba9700 Options.compaction_options_fifo.allow_compaction: 0
2022/04/13-22:10:52.721988 7f24d4ba9700                   Options.table_properties_collectors: 
2022/04/13-22:10:52.721989 7f24d4ba9700                   Options.inplace_update_support: 0
2022/04/13-22:10:52.721990 7f24d4ba9700                 Options.inplace_update_num_locks: 10000
2022/04/13-22:10:52.721991 7f24d4ba9700               Options.memtable_prefix_bloom_size_ratio: 0.000000
2022/04/13-22:10:52.721993 7f24d4ba9700               Options.memtable_whole_key_filtering: 0
2022/04/13-22:10:52.721994 7f24d4ba9700   Options.memtable_huge_page_size: 0
2022/04/13-22:10:52.721995 7f24d4ba9700                           Options.bloom_locality: 0
2022/04/13-22:10:52.721996 7f24d4ba9700                    Options.max_successive_merges: 0
2022/04/13-22:10:52.721997 7f24d4ba9700                Options.optimize_filters_for_hits: 0
2022/04/13-22:10:52.721998 7f24d4ba9700                Options.paranoid_file_checks: 0
2022/04/13-22:10:52.721999 7f24d4ba9700                Options.force_consistency_checks: 1
2022/04/13-22:10:52.722000 7f24d4ba9700                Options.report_bg_io_stats: 0
2022/04/13-22:10:52.722001 7f24d4ba9700                               Options.ttl: 2592000
2022/04/13-22:10:52.722002 7f24d4ba9700          Options.periodic_compaction_seconds: 0
2022/04/13-22:10:52.722003 7f24d4ba9700                    Options.enable_blob_files: false
2022/04/13-22:10:52.722004 7f24d4ba9700                        Options.min_blob_size: 0
2022/04/13-22:10:52.722005 7f24d4ba9700                       Options.blob_file_size: 268435456
2022/04/13-22:10:52.722006 7f24d4ba9700                Options.blob_compression_type: NoCompression
2022/04/13-22:10:52.722007 7f24d4ba9700       Options.enable_blob_garbage_collection: false
2022/04/13-22:10:52.722008 7f24d4ba9700   Options.blob_garbage_collection_age_cutoff: 0.250000
2022/04/13-22:10:52.722165 7f24d4ba9700 [/column_family.cc:597] --------------- Options for column family []:
2022/04/13-22:10:52.722168 7f24d4ba9700               Options.comparator: leveldb.BytewiseComparator
2022/04/13-22:10:52.722169 7f24d4ba9700           Options.merge_operator: None
2022/04/13-22:10:52.722170 7f24d4ba9700        Options.compaction_filter: None
2022/04/13-22:10:52.722171 7f24d4ba9700        Options.compaction_filter_factory: None
2022/04/13-22:10:52.722172 7f24d4ba9700  Options.sst_partitioner_factory: None
2022/04/13-22:10:52.722173 7f24d4ba9700         Options.memtable_factory: SkipListFactory
2022/04/13-22:10:52.722174 7f24d4ba9700            Options.table_factory: BlockBasedTable
2022/04/13-22:10:52.722201 7f24d4ba9700            table_factory options:   flush_block_policy_factory: FlushBlockBySizePolicyFactory (0x7f24d1741730)
  cache_index_and_filter_blocks: 0
  cache_index_and_filter_blocks_with_high_priority: 1
  pin_l0_filter_and_index_blocks_in_cache: 0
  pin_top_level_index_and_filter: 1
  index_type: 0
  data_block_index_type: 0
  index_shortening: 1
  data_block_hash_table_util_ratio: 0.750000
  hash_index_allow_collision: 1
  checksum: 1
  no_block_cache: 0
  block_cache: 0x7f24d1741850
  block_cache_name: LRUCache
  block_cache_options:
    capacity : 8388608
    num_shard_bits : 4
    strict_capacity_limit : 0
    memory_allocator : None
    high_pri_pool_ratio: 0.000
  block_cache_compressed: (nil)
  persistent_cache: (nil)
  block_size: 4096
  block_size_deviation: 10
  block_restart_interval: 16
  index_block_restart_interval: 1
  metadata_block_size: 4096
  partition_filters: 0
  use_delta_encoding: 1
  filter_policy: nullptr
  whole_key_filtering: 1
  verify_compression: 0
  read_amp_bytes_per_bit: 0
  format_version: 4
  enable_index_compression: 1
  block_align: 0
2022/04/13-22:10:52.722203 7f24d4ba9700        Options.write_buffer_size: 67108864
2022/04/13-22:10:52.722204 7f24d4ba9700  Options.max_write_buffer_number: 2
2022/04/13-22:10:52.722206 7f24d4ba9700          Options.compression: Snappy
2022/04/13-22:10:52.722207 7f24d4ba9700                  Options.bottommost_compression: Disabled
2022/04/13-22:10:52.722220 7f24d4ba9700       Options.prefix_extractor: nullptr
2022/04/13-22:10:52.722221 7f24d4ba9700   Options.memtable_insert_with_hint_prefix_extractor: nullptr
2022/04/13-22:10:52.722222 7f24d4ba9700             Options.num_levels: 7
2022/04/13-22:10:52.722223 7f24d4ba9700        Options.min_write_buffer_number_to_merge: 1
2022/04/13-22:10:52.722224 7f24d4ba9700     Options.max_write_buffer_number_to_maintain: 0
2022/04/13-22:10:52.722225 7f24d4ba9700     Options.max_write_buffer_size_to_maintain: 134217728
2022/04/13-22:10:52.722226 7f24d4ba9700            Options.bottommost_compression_opts.window_bits: -14
2022/04/13-22:10:52.722227 7f24d4ba9700                  Options.bottommost_compression_opts.level: 32767
2022/04/13-22:10:52.722228 7f24d4ba9700               Options.bottommost_compression_opts.strategy: 0
2022/04/13-22:10:52.722229 7f24d4ba9700         Options.bottommost_compression_opts.max_dict_bytes: 0
2022/04/13-22:10:52.722230 7f24d4ba9700         Options.bottommost_compression_opts.zstd_max_train_bytes: 0
2022/04/13-22:10:52.722231 7f24d4ba9700         Options.bottommost_compression_opts.parallel_threads: 1
2022/04/13-22:10:52.722232 7f24d4ba9700                  Options.bottommost_compression_opts.enabled: false
2022/04/13-22:10:52.722233 7f24d4ba9700            Options.compression_opts.window_bits: -14
2022/04/13-22:10:52.722234 7f24d4ba9700                  Options.compression_opts.level: 32767
2022/04/13-22:10:52.722235 7f24d4ba9700               Options.compression_opts.strategy: 0
2022/04/13-22:10:52.722236 7f24d4ba9700         Options.compression_opts.max_dict_bytes: 0
2022/04/13-22:10:52.722237 7f24d4ba9700         Options.compression_opts.zstd_max_train_bytes: 0
2022/04/13-22:10:52.722238 7f24d4ba9700         Options.compression_opts.parallel_threads: 1
2022/04/13-22:10:52.722239 7f24d4ba9700                  Options.compression_opts.enabled: false
2022/04/13-22:10:52.722240 7f24d4ba9700      Options.level0_file_num_compaction_trigger: 4
2022/04/13-22:10:52.722241 7f24d4ba9700          Options.level0_slowdown_writes_trigger: 20
2022/04/13-22:10:52.722241 7f24d4ba9700              Options.level0_stop_writes_trigger: 36
2022/04/13-22:10:52.722242 7f24d4ba9700                   Options.target_file_size_base: 67108864
2022/04/13-22:10:52.722243 7f24d4ba9700             Options.target_file_size_multiplier: 1
2022/04/13-22:10:52.722244 7f24d4ba9700                Options.max_bytes_for_level_base: 268435456
2022/04/13-22:10:52.722245 7f24d4ba9700 Options.level_compaction_dynamic_level_bytes: 0
2022/04/13-22:10:52.722246 7f24d4ba9700          Options.max_bytes_for_level_multiplier: 10.000000
2022/04/13-22:10:52.722248 7f24d4ba9700 Options.max_bytes_for_level_multiplier_addtl[0]: 1
2022/04/13-22:10:52.722249 7f24d4ba9700 Options.max_bytes_for_level_multiplier_addtl[1]: 1
2022/04/13-22:10:52.722251 7f24d4ba9700 Options.max_bytes_for_level_multiplier_addtl[2]: 1
2022/04/13-22:10:52.722252 7f24d4ba9700 Options.max_bytes_for_level_multiplier_addtl[3]: 1
2022/04/13-22:10:52.722253 7f24d4ba9700 Options.max_bytes_for_level_multiplier_addtl[4]: 1
2022/04/13-22:10:52.722253 7f24d4ba9700 Options.max_bytes_for_level_multiplier_addtl[5]: 1
2022/04/13-22:10:52.722254 7f24d4ba9700 Options.max_bytes_for_level_multiplier_addtl[6]: 1
2022/04/13-22:10:52.722255 7f24d4ba9700       Options.max_sequential_skip_in_iterations: 8
2022/04/13-22:10:52.722256 7f24d4ba9700                    Options.max_compaction_bytes: 1677721600
2022/04/13-22:10:52.722257 7f24d4ba9700                        Options.arena_block_size: 8388608
2022/04/13-22:10:52.722258 7f24d4ba9700   Options.soft_pending_compaction_bytes_limit: 68719476736
2022/04/13-22:10:52.722259 7f24d4ba9700   Options.hard_pending_compaction_bytes_limit: 274877906944
2022/04/13-22:10:52.722260 7f24d4ba9700       Options.rate_limit_delay_max_milliseconds: 100
2022/04/13-22:10:52.722261 7f24d4ba9700                Options.disable_auto_compactions: 0
2022/04/13-22:10:52.722263 7f24d4ba9700                        Options.compaction_style: kCompactionStyleLevel
2022/04/13-22:10:52.722271 7f24d4ba9700                          Options.compaction_pri: kMinOverlappingRatio
2022/04/13-22:10:52.722272 7f24d4ba9700 Options.compaction_options_universal.size_ratio: 1
2022/04/13-22:10:52.722273 7f24d4ba9700 Options.compaction_options_universal.min_merge_width: 2
2022/04/13-22:10:52.722274 7f24d4ba9700 Options.compaction_options_universal.max_merge_width: 4294967295
2022/04/13-22:10:52.722275 7f24d4ba9700 Options.compaction_options_universal.max_size_amplification_percent: 200
2022/04/13-22:10:52.722276 7f24d4ba9700 Options.compaction_options_universal.compression_size_percent: -1
2022/04/13-22:10:52.722277 7f24d4ba9700 Options.compaction_options_universal.stop_style: kCompactionStopStyleTotalSize
2022/04/13-22:10:52.722278 7f24d4ba9700 Options.compaction_options_fifo.max_table_files_size: 1073741824
2022/04/13-22:10:52.722279 7f24d4ba9700 Options.compaction_options_fifo.allow_compaction: 0
2022/04/13-22:10:52.722282 7f24d4ba9700                   Options.table_properties_collectors: 
2022/04/13-22:10:52.722283 7f24d4ba9700                   Options.inplace_update_support: 0
2022/04/13-22:10:52.722284 7f24d4ba9700                 Options.inplace_update_num_locks: 10000
2022/04/13-22:10:52.722285 7f24d4ba9700               Options.memtable_prefix_bloom_size_ratio: 0.000000
2022/04/13-22:10:52.722287 7f24d4ba9700               Options.memtable_whole_key_filtering: 0
2022/04/13-22:10:52.722288 7f24d4ba9700   Options.memtable_huge_page_size: 0
2022/04/13-22:10:52.722289 7f24d4ba9700                           Options.bloom_locality: 0
2022/04/13-22:10:52.722332 7f24d4ba9700                    Options.max_successive_merges: 0
2022/04/13-22:10:52.722333 7f24d4ba9700                Options.optimize_filters_for_hits: 0
2022/04/13-22:10:52.722334 7f24d4ba9700                Options.paranoid_file_checks: 0
2022/04/13-22:10:52.722335 7f24d4ba9700                Options.force_consistency_checks: 1
2022/04/13-22:10:52.722336 7f24d4ba9700                Options.report_bg_io_stats: 0
2022/04/13-22:10:52.722337 7f24d4ba9700                               Options.ttl: 2592000
2022/04/13-22:10:52.722338 7f24d4ba9700          Options.periodic_compaction_seconds: 0
2022/04/13-22:10:52.722339 7f24d4ba9700                    Options.enable_blob_files: false
2022/04/13-22:10:52.722340 7f24d4ba9700                        Options.min_blob_size: 0
2022/04/13-22:10:52.722340 7f24d4ba9700                       Options.blob_file_size: 268435456
2022/04/13-22:10:52.722342 7f24d4ba9700                Options.blob_compression_type: NoCompression
2022/04/13-22:10:52.722343 7f24d4ba9700       Options.enable_blob_garbage_collection: false
2022/04/13-22:10:52.722344 7f24d4ba9700   Options.blob_garbage_collection_age_cutoff: 0.250000
2022/04/13-22:10:52.722461 7f24d4ba9700 [/column_family.cc:597] --------------- Options for column family []:
2022/04/13-22:10:52.722465 7f24d4ba9700               Options.comparator: leveldb.BytewiseComparator
2022/04/13-22:10:52.722466 7f24d4ba9700           Options.merge_operator: None
2022/04/13-22:10:52.722467 7f24d4ba9700        Options.compaction_filter: None
2022/04/13-22:10:52.722468 7f24d4ba9700        Options.compaction_filter_factory: None
2022/04/13-22:10:52.722469 7f24d4ba9700  Options.sst_partitioner_factory: None
2022/04/13-22:10:52.722470 7f24d4ba9700         Options.memtable_factory: SkipListFactory
2022/04/13-22:10:52.722471 7f24d4ba9700            Options.table_factory: BlockBasedTable
2022/04/13-22:10:52.722499 7f24d4ba9700            table_factory options:   flush_block_policy_factory: FlushBlockBySizePolicyFactory (0x7f24d1743490)
  cache_index_and_filter_blocks: 0
  cache_index_and_filter_blocks_with_high_priority: 1
  pin_l0_filter_and_index_blocks_in_cache: 0
  pin_top_level_index_and_filter: 1
  index_type: 0
  data_block_index_type: 0
  index_shortening: 1
  data_block_hash_table_util_ratio: 0.750000
  hash_index_allow_collision: 1
  checksum: 1
  no_block_cache: 0
  block_cache: 0x7f24d17434d0
  block_cache_name: LRUCache
  block_cache_options:
    capacity : 8388608
    num_shard_bits : 4
    strict_capacity_limit : 0
    memory_allocator : None
    high_pri_pool_ratio: 0.000
  block_cache_compressed: (nil)
  persistent_cache: (nil)
  block_size: 4096
  block_size_deviation: 10
  block_restart_interval: 16
  index_block_restart_interval: 1
  metadata_block_size: 4096
  partition_filters: 0
  use_delta_encoding: 1
  filter_policy: nullptr
  whole_key_filtering: 1
  verify_compression: 0
  read_amp_bytes_per_bit: 0
  format_version: 4
  enable_index_compression: 1
  block_align: 0
2022/04/13-22:10:52.722525 7f24d4ba9700        Options.write_buffer_size: 67108864
2022/04/13-22:10:52.722527 7f24d4ba9700  Options.max_write_buffer_number: 2
2022/04/13-22:10:52.722529 7f24d4ba9700          Options.compression: Snappy
2022/04/13-22:10:52.722531 7f24d4ba9700                  Options.bottommost_compression: Disabled
2022/04/13-22:10:52.722532 7f24d4ba9700       Options.prefix_extractor: nullptr
2022/04/13-22:10:52.722534 7f24d4ba9700   Options.memtable_insert_with_hint_prefix_extractor: nullptr
2022/04/13-22:10:52.722535 7f24d4ba9700             Options.num_levels: 7
2022/04/13-22:10:52.722537 7f24d4ba9700        Options.min_write_buffer_number_to_merge: 1
2022/04/13-22:10:52.722538 7f24d4ba9700     Options.max_write_buffer_number_to_maintain: 0
2022/04/13-22:10:52.722539 7f24d4ba9700     Options.max_write_buffer_size_to_maintain: 134217728
2022/04/13-22:10:52.722540 7f24d4ba9700            Options.bottommost_compression_opts.window_bits: -14
2022/04/13-22:10:52.722541 7f24d4ba9700                  Options.bottommost_compression_opts.level: 32767
2022/04/13-22:10:52.722542 7f24d4ba9700               Options.bottommost_compression_opts.strategy: 0
2022/04/13-22:10:52.722543 7f24d4ba9700         Options.bottommost_compression_opts.max_dict_bytes: 0
2022/04/13-22:10:52.722544 7f24d4ba9700         Options.bottommost_compression_opts.zstd_max_train_bytes: 0
2022/04/13-22:10:52.722545 7f24d4ba9700         Options.bottommost_compression_opts.parallel_threads: 1
2022/04/13-22:10:52.722546 7f24d4ba9700                  Options.bottommost_compression_opts.enabled: false
2022/04/13-22:10:52.722547 7f24d4ba9700            Options.compression_opts.window_bits: -14
2022/04/13-22:10:52.722548 7f24d4ba9700                  Options.compression_opts.level: 32767
2022/04/13-22:10:52.722549 7f24d4ba9700               Options.compression_opts.strategy: 0
2022/04/13-22:10:52.722550 7f24d4ba9700         Options.compression_opts.max_dict_bytes: 0
2022/04/13-22:10:52.722551 7f24d4ba9700         Options.compression_opts.zstd_max_train_bytes: 0
2022/04/13-22:10:52.722552 7f24d4ba9700         Options.compression_opts.parallel_threads: 1
2022/04/13-22:10:52.722553 7f24d4ba9700                  Options.compression_opts.enabled: false
2022/04/13-22:10:52.722554 7f24d4ba9700      Options.level0_file_num_compaction_trigger: 4
2022/04/13-22:10:52.722554 7f24d4ba9700          Options.level0_slowdown_writes_trigger: 20
2022/04/13-22:10:52.722555 7f24d4ba9700              Options.level0_stop_writes_trigger: 36
2022/04/13-22:10:52.722556 7f24d4ba9700                   Options.target_file_size_base: 67108864
2022/04/13-22:10:52.722557 7f24d4ba9700             Options.target_file_size_multiplier: 1
2022/04/13-22:10:52.722558 7f24d4ba9700                Options.max_bytes_for_level_base: 268435456
2022/04/13-22:10:52.722559 7f24d4ba9700 Options.level_compaction_dynamic_level_bytes: 0
2022/04/13-22:10:52.722560 7f24d4ba9700          Options.max_bytes_for_level_multiplier: 10.000000
2022/04/13-22:10:52.722563 7f24d4ba9700 Options.max_bytes_for_level_multiplier_addtl[0]: 1
2022/04/13-22:10:52.722564 7f24d4ba9700 Options.max_bytes_for_level_multiplier_addtl[1]: 1
2022/04/13-22:10:52.722565 7f24d4ba9700 Options.max_bytes_for_level_multiplier_addtl[2]: 1
2022/04/13-22:10:52.722566 7f24d4ba9700 Options.max_bytes_for_level_multiplier_addtl[3]: 1
2022/04/13-22:10:52.722567 7f24d4ba9700 Options.max_bytes_for_level_multiplier_addtl[4]: 1
2022/04/13-22:10:52.722568 7f24d4ba9700 Options.max_bytes_for_level_multiplier_addtl[5]: 1
2022/04/13-22:10:52.722577 7f24d4ba9700 Options.max_bytes_for_level_multiplier_addtl[6]: 1
2022/04/13-22:10:52.722578 7f24d4ba9700       Options.max_sequential_skip_in_iterations: 8
2022/04/13-22:10:52.722579 7f24d4ba9700                    Options.max_compaction_bytes: 1677721600
2022/04/13-22:10:52.722580 7f24d4ba9700                        Options.arena_block_size: 8388608
2022/04/13-22:10:52.722581 7f24d4ba9700   Options.soft_pending_compaction_bytes_limit: 68719476736
2022/04/13-22:10:52.722582 7f24d4ba9700   Options.hard_pending_compaction_bytes_limit: 274877906944
2022/04/13-22:10:52.722583 7f24d4ba9700       Options.rate_limit_delay_max_milliseconds: 100
2022/04/13-22:10:52.722584 7f24d4ba9700                Options.disable_auto_compactions: 0
2022/04/13-22:10:52.722586 7f24d4ba9700                        Options.compaction_style: kCompactionStyleLevel
2022/04/13-22:10:52.722587 7f24d4ba9700                          Options.compaction_pri: kMinOverlappingRatio
2022/04/13-22:10:52.722588 7f24d4ba9700 Options.compaction_options_universal.size_ratio: 1
2022/04/13-22:10:52.722589 7f24d4ba9700 Options.compaction_options_universal.min_merge_width: 2
2022/04/13-22:10:52.722590 7f24d4ba9700 Options.compaction_options_universal.max_merge_width: 4294967295
2022/04/13-22:10:52.722591 7f24d4ba9700 Options.compaction_options_universal.max_size_amplification_percent: 200
2022/04/13-22:10:52.722591 7f24d4ba9700 Options.compaction_options_universal.compression_size_percent: -1
2022/04/13-22:10:52.722593 7f24d4ba9700 Options.compaction_options_universal.stop_style: kCompactionStopStyleTotalSize
2022/04/13-22:10:52.722594 7f24d4ba9700 Options.compaction_options_fifo.max_table_files_size: 1073741824
2022/04/13-22:10:52.722594 7f24d4ba9700 Options.compaction_options_fifo.allow_compaction: 0
2022/04/13-22:10:52.722598 7f24d4ba9700                   Options.table_properties_collectors: 
2022/04/13-22:10:52.722599 7f24d4ba9700                   Options.inplace_update_support: 0
2022/04/13-22:10:52.722600 7f24d4ba9700                 Options.inplace_update_num_locks: 10000
2022/04/13-22:10:52.722601 7f24d4ba9700               Options.memtable_prefix_bloom_size_ratio: 0.000000
2022/04/13-22:10:52.722602 7f24d4ba9700               Options.memtable_whole_key_filtering: 0
2022/04/13-22:10:52.722603 7f24d4ba9700   Options.memtable_huge_page_size: 0
2022/04/13-22:10:52.722604 7f24d4ba9700                           Options.bloom_locality: 0
2022/04/13-22:10:52.722605 7f24d4ba9700                    Options.max_successive_merges: 0
2022/04/13-22:10:52.722606 7f24d4ba9700                Options.optimize_filters_for_hits: 0
2022/04/13-22:10:52.722607 7f24d4ba9700                Options.paranoid_file_checks: 0
2022/04/13-22:10:52.722608 7f24d4ba9700                Options.force_consistency_checks: 1
2022/04/13-22:10:52.722609 7f24d4ba9700                Options.report_bg_io_stats: 0
2022/04/13-22:10:52.722610 7f24d4ba9700                               Options.ttl: 2592000
2022/04/13-22:10:52.722611 7f24d4ba9700          Options.periodic_compaction_seconds: 0
2022/04/13-22:10:52.722611 7f24d4ba9700                    Options.enable_blob_files: false
2022/04/13-22:10:52.722612 7f24d4ba9700                        Options.min_blob_size: 0
2022/04/13-22:10:52.722613 7f24d4ba9700                       Options.blob_file_size: 268435456
2022/04/13-22:10:52.722615 7f24d4ba9700                Options.blob_compression_type: NoCompression
2022/04/13-22:10:52.722616 7f24d4ba9700       Options.enable_blob_garbage_collection: false
2022/04/13-22:10:52.722617 7f24d4ba9700   Options.blob_garbage_collection_age_cutoff: 0.250000
2022/04/13-22:10:52.722661 7f24d4ba9700 [/column_family.cc:597] --------------- Options for column family []:
2022/04/13-22:10:52.722663 7f24d4ba9700               Options.comparator: leveldb.BytewiseComparator
2022/04/13-22:10:52.722664 7f24d4ba9700           Options.merge_operator: None
2022/04/13-22:10:52.722665 7f24d4ba9700        Options.compaction_filter: None
2022/04/13-22:10:52.722666 7f24d4ba9700        Options.compaction_filter_factory: None
2022/04/13-22:10:52.722758 7f24d4ba9700  Options.sst_partitioner_factory: None
2022/04/13-22:10:52.722761 7f24d4ba9700         Options.memtable_factory: SkipListFactory
2022/04/13-22:10:52.722762 7f24d4ba9700            Options.table_factory: BlockBasedTable
2022/04/13-22:10:52.722791 7f24d4ba9700            table_factory options:   flush_block_policy_factory: FlushBlockBySizePolicyFactory (0x7f24d17451a0)
  cache_index_and_filter_blocks: 0
  cache_index_and_filter_blocks_with_high_priority: 1
  pin_l0_filter_and_index_blocks_in_cache: 0
  pin_top_level_index_and_filter: 1
  index_type: 0
  data_block_index_type: 0
  index_shortening: 1
  data_block_hash_table_util_ratio: 0.750000
  hash_index_allow_collision: 1
  checksum: 1
  no_block_cache: 0
  block_cache: 0x7f24d17451e0
  block_cache_name: LRUCache
  block_cache_options:
    capacity : 8388608
    num_shard_bits : 4
    strict_capacity_limit : 0
    memory_allocator : None
    high_pri_pool_ratio: 0.000
  block_cache_compressed: (nil)
  persistent_cache: (nil)
  block_size: 4096
  block_size_deviation: 10
  block_restart_interval: 16
  index_block_restart_interval: 1
  metadata_block_size: 4096
  partition_filters: 0
  use_delta_encoding: 1
  filter_policy: nullptr
  whole_key_filtering: 1
  verify_compression: 0
  read_amp_bytes_per_bit: 0
  format_version: 4
  enable_index_compression: 1
  block_align: 0
2022/04/13-22:10:52.722795 7f24d4ba9700        Options.write_buffer_size: 67108864
2022/04/13-22:10:52.722796 7f24d4ba9700  Options.max_write_buffer_number: 2
2022/04/13-22:10:52.722798 7f24d4ba9700          Options.compression: Snappy
2022/04/13-22:10:52.722799 7f24d4ba9700                  Options.bottommost_compression: Disabled
2022/04/13-22:10:52.722800 7f24d4ba9700       Options.prefix_extractor: nullptr
2022/04/13-22:10:52.722801 7f24d4ba9700   Options.memtable_insert_with_hint_prefix_extractor: nullptr
2022/04/13-22:10:52.722802 7f24d4ba9700             Options.num_levels: 7
2022/04/13-22:10:52.722803 7f24d4ba9700        Options.min_write_buffer_number_to_merge: 1
2022/04/13-22:10:52.722804 7f24d4ba9700     Options.max_write_buffer_number_to_maintain: 0
2022/04/13-22:10:52.722804 7f24d4ba9700     Options.max_write_buffer_size_to_maintain: 134217728
2022/04/13-22:10:52.722805 7f24d4ba9700            Options.bottommost_compression_opts.window_bits: -14
2022/04/13-22:10:52.722806 7f24d4ba9700                  Options.bottommost_compression_opts.level: 32767
2022/04/13-22:10:52.722807 7f24d4ba9700               Options.bottommost_compression_opts.strategy: 0
2022/04/13-22:10:52.722808 7f24d4ba9700         Options.bottommost_compression_opts.max_dict_bytes: 0
2022/04/13-22:10:52.722809 7f24d4ba9700         Options.bottommost_compression_opts.zstd_max_train_bytes: 0
2022/04/13-22:10:52.722810 7f24d4ba9700         Options.bottommost_compression_opts.parallel_threads: 1
2022/04/13-22:10:52.722811 7f24d4ba9700                  Options.bottommost_compression_opts.enabled: false
