2022/02/01-19:48:31.263875 7f210bcbf700 RocksDB version: 6.15.2
2022/02/01-19:48:31.263979 7f210bcbf700 Git sha rocksdb_build_git_sha:
2022/02/01-19:48:31.263983 7f210bcbf700 Compile date Jan  4 2021
2022/02/01-19:48:31.264065 7f210bcbf700 DB SUMMARY
2022/02/01-19:48:31.264067 7f210bcbf700 DB Session ID:  TS2VRIA8LD7GZL34U96M
2022/02/01-19:48:31.264115 7f210bcbf700 CURRENT file:  CURRENT
2022/02/01-19:48:31.264117 7f210bcbf700 IDENTITY file:  IDENTITY
2022/02/01-19:48:31.264120 7f210bcbf700 MANIFEST file:  MANIFEST-000024 size: 764 Bytes
2022/02/01-19:48:31.264122 7f210bcbf700 SST files in /home/me/Desktop/besu-21.10.9/database dir, Total Num: 2, files: 000022.sst 000023.sst 
2022/02/01-19:48:31.264123 7f210bcbf700 Write Ahead Log file in /home/me/Desktop/besu-21.10.9/database: 000025.log size: 1929309 ; 
2022/02/01-19:48:31.264126 7f210bcbf700                         Options.error_if_exists: 0
2022/02/01-19:48:31.264127 7f210bcbf700                       Options.create_if_missing: 1
2022/02/01-19:48:31.264128 7f210bcbf700                         Options.paranoid_checks: 1
2022/02/01-19:48:31.264129 7f210bcbf700                               Options.track_and_verify_wals_in_manifest: 0
2022/02/01-19:48:31.264130 7f210bcbf700                                     Options.env: 0x7f20c291a3c0
2022/02/01-19:48:31.264131 7f210bcbf700                                      Options.fs: Posix File System
2022/02/01-19:48:31.264132 7f210bcbf700                                Options.info_log: 0x7f21059778e0
2022/02/01-19:48:31.264133 7f210bcbf700                Options.max_file_opening_threads: 16
2022/02/01-19:48:31.264134 7f210bcbf700                              Options.statistics: 0x7f2105904ba0
2022/02/01-19:48:31.264135 7f210bcbf700                               Options.use_fsync: 0
2022/02/01-19:48:31.264136 7f210bcbf700                       Options.max_log_file_size: 0
2022/02/01-19:48:31.264137 7f210bcbf700                  Options.max_manifest_file_size: 1073741824
2022/02/01-19:48:31.264137 7f210bcbf700                   Options.log_file_time_to_roll: 0
2022/02/01-19:48:31.264138 7f210bcbf700                       Options.keep_log_file_num: 1000
2022/02/01-19:48:31.264139 7f210bcbf700                    Options.recycle_log_file_num: 0
2022/02/01-19:48:31.264140 7f210bcbf700                         Options.allow_fallocate: 1
2022/02/01-19:48:31.264141 7f210bcbf700                        Options.allow_mmap_reads: 0
2022/02/01-19:48:31.264141 7f210bcbf700                       Options.allow_mmap_writes: 0
2022/02/01-19:48:31.264142 7f210bcbf700                        Options.use_direct_reads: 0
2022/02/01-19:48:31.264143 7f210bcbf700                        Options.use_direct_io_for_flush_and_compaction: 0
2022/02/01-19:48:31.264144 7f210bcbf700          Options.create_missing_column_families: 1
2022/02/01-19:48:31.264145 7f210bcbf700                              Options.db_log_dir: 
2022/02/01-19:48:31.264145 7f210bcbf700                                 Options.wal_dir: /home/me/Desktop/besu-21.10.9/database
2022/02/01-19:48:31.264146 7f210bcbf700                Options.table_cache_numshardbits: 6
2022/02/01-19:48:31.264147 7f210bcbf700                         Options.WAL_ttl_seconds: 0
2022/02/01-19:48:31.264148 7f210bcbf700                       Options.WAL_size_limit_MB: 0
2022/02/01-19:48:31.264149 7f210bcbf700                        Options.max_write_batch_group_size_bytes: 1048576
2022/02/01-19:48:31.264150 7f210bcbf700             Options.manifest_preallocation_size: 4194304
2022/02/01-19:48:31.264151 7f210bcbf700                     Options.is_fd_close_on_exec: 1
2022/02/01-19:48:31.264151 7f210bcbf700                   Options.advise_random_on_open: 1
2022/02/01-19:48:31.264152 7f210bcbf700                    Options.db_write_buffer_size: 0
2022/02/01-19:48:31.264153 7f210bcbf700                    Options.write_buffer_manager: 0x7f21059781e0
2022/02/01-19:48:31.264154 7f210bcbf700         Options.access_hint_on_compaction_start: 1
2022/02/01-19:48:31.264155 7f210bcbf700  Options.new_table_reader_for_compaction_inputs: 0
2022/02/01-19:48:31.264155 7f210bcbf700           Options.random_access_max_buffer_size: 1048576
2022/02/01-19:48:31.264171 7f210bcbf700                      Options.use_adaptive_mutex: 0
2022/02/01-19:48:31.264172 7f210bcbf700                            Options.rate_limiter: (nil)
2022/02/01-19:48:31.264175 7f210bcbf700     Options.sst_file_manager.rate_bytes_per_sec: 0
2022/02/01-19:48:31.264176 7f210bcbf700                       Options.wal_recovery_mode: 2
2022/02/01-19:48:31.264177 7f210bcbf700                  Options.enable_thread_tracking: 0
2022/02/01-19:48:31.264178 7f210bcbf700                  Options.enable_pipelined_write: 0
2022/02/01-19:48:31.264178 7f210bcbf700                  Options.unordered_write: 0
2022/02/01-19:48:31.264179 7f210bcbf700         Options.allow_concurrent_memtable_write: 1
2022/02/01-19:48:31.264180 7f210bcbf700      Options.enable_write_thread_adaptive_yield: 1
2022/02/01-19:48:31.264181 7f210bcbf700             Options.write_thread_max_yield_usec: 100
2022/02/01-19:48:31.264182 7f210bcbf700            Options.write_thread_slow_yield_usec: 3
2022/02/01-19:48:31.264182 7f210bcbf700                               Options.row_cache: None
2022/02/01-19:48:31.264183 7f210bcbf700                              Options.wal_filter: None
2022/02/01-19:48:31.264185 7f210bcbf700             Options.avoid_flush_during_recovery: 0
2022/02/01-19:48:31.264185 7f210bcbf700             Options.allow_ingest_behind: 0
2022/02/01-19:48:31.264186 7f210bcbf700             Options.preserve_deletes: 0
2022/02/01-19:48:31.264187 7f210bcbf700             Options.two_write_queues: 0
2022/02/01-19:48:31.264188 7f210bcbf700             Options.manual_wal_flush: 0
2022/02/01-19:48:31.264189 7f210bcbf700             Options.atomic_flush: 0
2022/02/01-19:48:31.264189 7f210bcbf700             Options.avoid_unnecessary_blocking_io: 0
2022/02/01-19:48:31.264190 7f210bcbf700                 Options.persist_stats_to_disk: 0
2022/02/01-19:48:31.264191 7f210bcbf700                 Options.write_dbid_to_manifest: 0
2022/02/01-19:48:31.264192 7f210bcbf700                 Options.log_readahead_size: 0
2022/02/01-19:48:31.264193 7f210bcbf700                 Options.file_checksum_gen_factory: Unknown
2022/02/01-19:48:31.264193 7f210bcbf700                 Options.best_efforts_recovery: 0
2022/02/01-19:48:31.264194 7f210bcbf700                Options.max_bgerror_resume_count: 2147483647
2022/02/01-19:48:31.264195 7f210bcbf700            Options.bgerror_resume_retry_interval: 1000000
2022/02/01-19:48:31.264196 7f210bcbf700             Options.allow_data_in_errors: 0
2022/02/01-19:48:31.264197 7f210bcbf700             Options.db_host_id: __hostname__
2022/02/01-19:48:31.264198 7f210bcbf700             Options.max_background_jobs: 2
2022/02/01-19:48:31.264199 7f210bcbf700             Options.max_background_compactions: 4
2022/02/01-19:48:31.264200 7f210bcbf700             Options.max_subcompactions: 1
2022/02/01-19:48:31.264201 7f210bcbf700             Options.avoid_flush_during_shutdown: 0
2022/02/01-19:48:31.264202 7f210bcbf700           Options.writable_file_max_buffer_size: 1048576
2022/02/01-19:48:31.264202 7f210bcbf700             Options.delayed_write_rate : 16777216
2022/02/01-19:48:31.264203 7f210bcbf700             Options.max_total_wal_size: 0
2022/02/01-19:48:31.264204 7f210bcbf700             Options.delete_obsolete_files_period_micros: 21600000000
2022/02/01-19:48:31.264205 7f210bcbf700                   Options.stats_dump_period_sec: 600
2022/02/01-19:48:31.264206 7f210bcbf700                 Options.stats_persist_period_sec: 600
2022/02/01-19:48:31.264207 7f210bcbf700                 Options.stats_history_buffer_size: 1048576
2022/02/01-19:48:31.264207 7f210bcbf700                          Options.max_open_files: 1024
2022/02/01-19:48:31.264208 7f210bcbf700                          Options.bytes_per_sync: 0
2022/02/01-19:48:31.264209 7f210bcbf700                      Options.wal_bytes_per_sync: 0
2022/02/01-19:48:31.264210 7f210bcbf700                   Options.strict_bytes_per_sync: 0
2022/02/01-19:48:31.264211 7f210bcbf700       Options.compaction_readahead_size: 0
2022/02/01-19:48:31.264211 7f210bcbf700                  Options.max_background_flushes: -1
2022/02/01-19:48:31.264219 7f210bcbf700 Compression algorithms supported:
2022/02/01-19:48:31.264220 7f210bcbf700 	kZSTDNotFinalCompression supported: 1
2022/02/01-19:48:31.264228 7f210bcbf700 	kZSTD supported: 1
2022/02/01-19:48:31.264229 7f210bcbf700 	kXpressCompression supported: 0
2022/02/01-19:48:31.264230 7f210bcbf700 	kLZ4HCCompression supported: 1
2022/02/01-19:48:31.264231 7f210bcbf700 	kLZ4Compression supported: 1
2022/02/01-19:48:31.264232 7f210bcbf700 	kBZip2Compression supported: 1
2022/02/01-19:48:31.264232 7f210bcbf700 	kZlibCompression supported: 1
2022/02/01-19:48:31.264233 7f210bcbf700 	kSnappyCompression supported: 1
2022/02/01-19:48:31.264237 7f210bcbf700 Fast CRC32 supported: Not supported on x86
2022/02/01-19:48:31.272242 7f210bcbf700 [/version_set.cc:4725] Recovering from manifest file: /home/me/Desktop/besu-21.10.9/database/MANIFEST-000024
2022/02/01-19:48:31.272525 7f210bcbf700 [/column_family.cc:597] --------------- Options for column family [default]:
2022/02/01-19:48:31.272529 7f210bcbf700               Options.comparator: leveldb.BytewiseComparator
2022/02/01-19:48:31.272531 7f210bcbf700           Options.merge_operator: None
2022/02/01-19:48:31.272532 7f210bcbf700        Options.compaction_filter: None
2022/02/01-19:48:31.272532 7f210bcbf700        Options.compaction_filter_factory: None
2022/02/01-19:48:31.272533 7f210bcbf700  Options.sst_partitioner_factory: None
2022/02/01-19:48:31.272534 7f210bcbf700         Options.memtable_factory: SkipListFactory
2022/02/01-19:48:31.272535 7f210bcbf700            Options.table_factory: BlockBasedTable
2022/02/01-19:48:31.272564 7f210bcbf700            table_factory options:   flush_block_policy_factory: FlushBlockBySizePolicyFactory (0x7f21059103c0)
  cache_index_and_filter_blocks: 0
  cache_index_and_filter_blocks_with_high_priority: 1
  pin_l0_filter_and_index_blocks_in_cache: 0
  pin_top_level_index_and_filter: 1
  index_type: 0
  data_block_index_type: 0
  index_shortening: 1
  data_block_hash_table_util_ratio: 0.750000
  hash_index_allow_collision: 1
  checksum: 1
  no_block_cache: 0
  block_cache: 0x7f210590e0e0
  block_cache_name: LRUCache
  block_cache_options:
    capacity : 8388608
    num_shard_bits : 4
    strict_capacity_limit : 0
    memory_allocator : None
    high_pri_pool_ratio: 0.000
  block_cache_compressed: (nil)
  persistent_cache: (nil)
  block_size: 4096
  block_size_deviation: 10
  block_restart_interval: 16
  index_block_restart_interval: 1
  metadata_block_size: 4096
  partition_filters: 0
  use_delta_encoding: 1
  filter_policy: nullptr
  whole_key_filtering: 1
  verify_compression: 0
  read_amp_bytes_per_bit: 0
  format_version: 4
  enable_index_compression: 1
  block_align: 0
2022/02/01-19:48:31.272566 7f210bcbf700        Options.write_buffer_size: 67108864
2022/02/01-19:48:31.272567 7f210bcbf700  Options.max_write_buffer_number: 2
2022/02/01-19:48:31.272568 7f210bcbf700          Options.compression: Snappy
2022/02/01-19:48:31.272569 7f210bcbf700                  Options.bottommost_compression: Disabled
2022/02/01-19:48:31.272570 7f210bcbf700       Options.prefix_extractor: nullptr
2022/02/01-19:48:31.272571 7f210bcbf700   Options.memtable_insert_with_hint_prefix_extractor: nullptr
2022/02/01-19:48:31.272572 7f210bcbf700             Options.num_levels: 7
2022/02/01-19:48:31.272572 7f210bcbf700        Options.min_write_buffer_number_to_merge: 1
2022/02/01-19:48:31.272573 7f210bcbf700     Options.max_write_buffer_number_to_maintain: 0
2022/02/01-19:48:31.272574 7f210bcbf700     Options.max_write_buffer_size_to_maintain: 134217728
2022/02/01-19:48:31.272575 7f210bcbf700            Options.bottommost_compression_opts.window_bits: -14
2022/02/01-19:48:31.272576 7f210bcbf700                  Options.bottommost_compression_opts.level: 32767
2022/02/01-19:48:31.272577 7f210bcbf700               Options.bottommost_compression_opts.strategy: 0
2022/02/01-19:48:31.272578 7f210bcbf700         Options.bottommost_compression_opts.max_dict_bytes: 0
2022/02/01-19:48:31.272579 7f210bcbf700         Options.bottommost_compression_opts.zstd_max_train_bytes: 0
2022/02/01-19:48:31.272607 7f210bcbf700         Options.bottommost_compression_opts.parallel_threads: 1
2022/02/01-19:48:31.272608 7f210bcbf700                  Options.bottommost_compression_opts.enabled: false
2022/02/01-19:48:31.272609 7f210bcbf700            Options.compression_opts.window_bits: -14
2022/02/01-19:48:31.272610 7f210bcbf700                  Options.compression_opts.level: 32767
2022/02/01-19:48:31.272611 7f210bcbf700               Options.compression_opts.strategy: 0
2022/02/01-19:48:31.272612 7f210bcbf700         Options.compression_opts.max_dict_bytes: 0
2022/02/01-19:48:31.272613 7f210bcbf700         Options.compression_opts.zstd_max_train_bytes: 0
2022/02/01-19:48:31.272613 7f210bcbf700         Options.compression_opts.parallel_threads: 1
2022/02/01-19:48:31.272614 7f210bcbf700                  Options.compression_opts.enabled: false
2022/02/01-19:48:31.272615 7f210bcbf700      Options.level0_file_num_compaction_trigger: 4
2022/02/01-19:48:31.272616 7f210bcbf700          Options.level0_slowdown_writes_trigger: 20
2022/02/01-19:48:31.272617 7f210bcbf700              Options.level0_stop_writes_trigger: 36
2022/02/01-19:48:31.272617 7f210bcbf700                   Options.target_file_size_base: 67108864
2022/02/01-19:48:31.272618 7f210bcbf700             Options.target_file_size_multiplier: 1
2022/02/01-19:48:31.272619 7f210bcbf700                Options.max_bytes_for_level_base: 268435456
2022/02/01-19:48:31.272620 7f210bcbf700 Options.level_compaction_dynamic_level_bytes: 0
2022/02/01-19:48:31.272621 7f210bcbf700          Options.max_bytes_for_level_multiplier: 10.000000
2022/02/01-19:48:31.272623 7f210bcbf700 Options.max_bytes_for_level_multiplier_addtl[0]: 1
2022/02/01-19:48:31.272624 7f210bcbf700 Options.max_bytes_for_level_multiplier_addtl[1]: 1
2022/02/01-19:48:31.272625 7f210bcbf700 Options.max_bytes_for_level_multiplier_addtl[2]: 1
2022/02/01-19:48:31.272626 7f210bcbf700 Options.max_bytes_for_level_multiplier_addtl[3]: 1
2022/02/01-19:48:31.272627 7f210bcbf700 Options.max_bytes_for_level_multiplier_addtl[4]: 1
2022/02/01-19:48:31.272628 7f210bcbf700 Options.max_bytes_for_level_multiplier_addtl[5]: 1
2022/02/01-19:48:31.272628 7f210bcbf700 Options.max_bytes_for_level_multiplier_addtl[6]: 1
2022/02/01-19:48:31.272629 7f210bcbf700       Options.max_sequential_skip_in_iterations: 8
2022/02/01-19:48:31.272630 7f210bcbf700                    Options.max_compaction_bytes: 1677721600
2022/02/01-19:48:31.272631 7f210bcbf700                        Options.arena_block_size: 8388608
2022/02/01-19:48:31.272632 7f210bcbf700   Options.soft_pending_compaction_bytes_limit: 68719476736
2022/02/01-19:48:31.272633 7f210bcbf700   Options.hard_pending_compaction_bytes_limit: 274877906944
2022/02/01-19:48:31.272634 7f210bcbf700       Options.rate_limit_delay_max_milliseconds: 100
2022/02/01-19:48:31.272634 7f210bcbf700                Options.disable_auto_compactions: 0
2022/02/01-19:48:31.272636 7f210bcbf700                        Options.compaction_style: kCompactionStyleLevel
2022/02/01-19:48:31.272637 7f210bcbf700                          Options.compaction_pri: kMinOverlappingRatio
2022/02/01-19:48:31.272638 7f210bcbf700 Options.compaction_options_universal.size_ratio: 1
2022/02/01-19:48:31.272639 7f210bcbf700 Options.compaction_options_universal.min_merge_width: 2
2022/02/01-19:48:31.272640 7f210bcbf700 Options.compaction_options_universal.max_merge_width: 4294967295
2022/02/01-19:48:31.272641 7f210bcbf700 Options.compaction_options_universal.max_size_amplification_percent: 200
2022/02/01-19:48:31.272642 7f210bcbf700 Options.compaction_options_universal.compression_size_percent: -1
2022/02/01-19:48:31.272643 7f210bcbf700 Options.compaction_options_universal.stop_style: kCompactionStopStyleTotalSize
2022/02/01-19:48:31.272643 7f210bcbf700 Options.compaction_options_fifo.max_table_files_size: 1073741824
2022/02/01-19:48:31.272644 7f210bcbf700 Options.compaction_options_fifo.allow_compaction: 0
2022/02/01-19:48:31.272651 7f210bcbf700                   Options.table_properties_collectors: 
2022/02/01-19:48:31.272659 7f210bcbf700                   Options.inplace_update_support: 0
2022/02/01-19:48:31.272660 7f210bcbf700                 Options.inplace_update_num_locks: 10000
2022/02/01-19:48:31.272661 7f210bcbf700               Options.memtable_prefix_bloom_size_ratio: 0.000000
2022/02/01-19:48:31.272662 7f210bcbf700               Options.memtable_whole_key_filtering: 0
2022/02/01-19:48:31.272663 7f210bcbf700   Options.memtable_huge_page_size: 0
2022/02/01-19:48:31.272664 7f210bcbf700                           Options.bloom_locality: 0
2022/02/01-19:48:31.272665 7f210bcbf700                    Options.max_successive_merges: 0
2022/02/01-19:48:31.272666 7f210bcbf700                Options.optimize_filters_for_hits: 0
2022/02/01-19:48:31.272666 7f210bcbf700                Options.paranoid_file_checks: 0
2022/02/01-19:48:31.272667 7f210bcbf700                Options.force_consistency_checks: 1
2022/02/01-19:48:31.272668 7f210bcbf700                Options.report_bg_io_stats: 0
2022/02/01-19:48:31.272669 7f210bcbf700                               Options.ttl: 2592000
2022/02/01-19:48:31.272670 7f210bcbf700          Options.periodic_compaction_seconds: 0
2022/02/01-19:48:31.272670 7f210bcbf700                    Options.enable_blob_files: false
2022/02/01-19:48:31.272671 7f210bcbf700                        Options.min_blob_size: 0
2022/02/01-19:48:31.272672 7f210bcbf700                       Options.blob_file_size: 268435456
2022/02/01-19:48:31.272673 7f210bcbf700                Options.blob_compression_type: NoCompression
2022/02/01-19:48:31.272674 7f210bcbf700       Options.enable_blob_garbage_collection: false
2022/02/01-19:48:31.272675 7f210bcbf700   Options.blob_garbage_collection_age_cutoff: 0.250000
2022/02/01-19:48:31.272831 7f210bcbf700 [/column_family.cc:597] --------------- Options for column family []:
2022/02/01-19:48:31.272834 7f210bcbf700               Options.comparator: leveldb.BytewiseComparator
2022/02/01-19:48:31.272835 7f210bcbf700           Options.merge_operator: None
2022/02/01-19:48:31.272836 7f210bcbf700        Options.compaction_filter: None
2022/02/01-19:48:31.272837 7f210bcbf700        Options.compaction_filter_factory: None
2022/02/01-19:48:31.272838 7f210bcbf700  Options.sst_partitioner_factory: None
2022/02/01-19:48:31.272839 7f210bcbf700         Options.memtable_factory: SkipListFactory
2022/02/01-19:48:31.272839 7f210bcbf700            Options.table_factory: BlockBasedTable
2022/02/01-19:48:31.272863 7f210bcbf700            table_factory options:   flush_block_policy_factory: FlushBlockBySizePolicyFactory (0x7f21058f9d90)
  cache_index_and_filter_blocks: 0
  cache_index_and_filter_blocks_with_high_priority: 1
  pin_l0_filter_and_index_blocks_in_cache: 0
  pin_top_level_index_and_filter: 1
  index_type: 0
  data_block_index_type: 0
  index_shortening: 1
  data_block_hash_table_util_ratio: 0.750000
  hash_index_allow_collision: 1
  checksum: 1
  no_block_cache: 0
  block_cache: 0x7f21058f9eb0
  block_cache_name: LRUCache
  block_cache_options:
    capacity : 8388608
    num_shard_bits : 4
    strict_capacity_limit : 0
    memory_allocator : None
    high_pri_pool_ratio: 0.000
  block_cache_compressed: (nil)
  persistent_cache: (nil)
  block_size: 4096
  block_size_deviation: 10
  block_restart_interval: 16
  index_block_restart_interval: 1
  metadata_block_size: 4096
  partition_filters: 0
  use_delta_encoding: 1
  filter_policy: nullptr
  whole_key_filtering: 1
  verify_compression: 0
  read_amp_bytes_per_bit: 0
  format_version: 4
  enable_index_compression: 1
  block_align: 0
2022/02/01-19:48:31.272865 7f210bcbf700        Options.write_buffer_size: 67108864
2022/02/01-19:48:31.272865 7f210bcbf700  Options.max_write_buffer_number: 2
2022/02/01-19:48:31.272867 7f210bcbf700          Options.compression: Snappy
2022/02/01-19:48:31.272868 7f210bcbf700                  Options.bottommost_compression: Disabled
2022/02/01-19:48:31.272869 7f210bcbf700       Options.prefix_extractor: nullptr
2022/02/01-19:48:31.272869 7f210bcbf700   Options.memtable_insert_with_hint_prefix_extractor: nullptr
2022/02/01-19:48:31.272886 7f210bcbf700             Options.num_levels: 7
2022/02/01-19:48:31.272887 7f210bcbf700        Options.min_write_buffer_number_to_merge: 1
2022/02/01-19:48:31.272888 7f210bcbf700     Options.max_write_buffer_number_to_maintain: 0
2022/02/01-19:48:31.272888 7f210bcbf700     Options.max_write_buffer_size_to_maintain: 134217728
2022/02/01-19:48:31.272889 7f210bcbf700            Options.bottommost_compression_opts.window_bits: -14
2022/02/01-19:48:31.272890 7f210bcbf700                  Options.bottommost_compression_opts.level: 32767
2022/02/01-19:48:31.272891 7f210bcbf700               Options.bottommost_compression_opts.strategy: 0
2022/02/01-19:48:31.272892 7f210bcbf700         Options.bottommost_compression_opts.max_dict_bytes: 0
2022/02/01-19:48:31.272893 7f210bcbf700         Options.bottommost_compression_opts.zstd_max_train_bytes: 0
2022/02/01-19:48:31.272893 7f210bcbf700         Options.bottommost_compression_opts.parallel_threads: 1
2022/02/01-19:48:31.272894 7f210bcbf700                  Options.bottommost_compression_opts.enabled: false
2022/02/01-19:48:31.272895 7f210bcbf700            Options.compression_opts.window_bits: -14
2022/02/01-19:48:31.272896 7f210bcbf700                  Options.compression_opts.level: 32767
2022/02/01-19:48:31.272897 7f210bcbf700               Options.compression_opts.strategy: 0
2022/02/01-19:48:31.272897 7f210bcbf700         Options.compression_opts.max_dict_bytes: 0
2022/02/01-19:48:31.272898 7f210bcbf700         Options.compression_opts.zstd_max_train_bytes: 0
2022/02/01-19:48:31.272899 7f210bcbf700         Options.compression_opts.parallel_threads: 1
2022/02/01-19:48:31.272900 7f210bcbf700                  Options.compression_opts.enabled: false
2022/02/01-19:48:31.272901 7f210bcbf700      Options.level0_file_num_compaction_trigger: 4
2022/02/01-19:48:31.272901 7f210bcbf700          Options.level0_slowdown_writes_trigger: 20
2022/02/01-19:48:31.272902 7f210bcbf700              Options.level0_stop_writes_trigger: 36
2022/02/01-19:48:31.272903 7f210bcbf700                   Options.target_file_size_base: 67108864
2022/02/01-19:48:31.272904 7f210bcbf700             Options.target_file_size_multiplier: 1
2022/02/01-19:48:31.272905 7f210bcbf700                Options.max_bytes_for_level_base: 268435456
2022/02/01-19:48:31.272906 7f210bcbf700 Options.level_compaction_dynamic_level_bytes: 0
2022/02/01-19:48:31.272906 7f210bcbf700          Options.max_bytes_for_level_multiplier: 10.000000
2022/02/01-19:48:31.272908 7f210bcbf700 Options.max_bytes_for_level_multiplier_addtl[0]: 1
2022/02/01-19:48:31.272909 7f210bcbf700 Options.max_bytes_for_level_multiplier_addtl[1]: 1
2022/02/01-19:48:31.272910 7f210bcbf700 Options.max_bytes_for_level_multiplier_addtl[2]: 1
2022/02/01-19:48:31.272911 7f210bcbf700 Options.max_bytes_for_level_multiplier_addtl[3]: 1
2022/02/01-19:48:31.272911 7f210bcbf700 Options.max_bytes_for_level_multiplier_addtl[4]: 1
2022/02/01-19:48:31.272912 7f210bcbf700 Options.max_bytes_for_level_multiplier_addtl[5]: 1
2022/02/01-19:48:31.272913 7f210bcbf700 Options.max_bytes_for_level_multiplier_addtl[6]: 1
2022/02/01-19:48:31.272914 7f210bcbf700       Options.max_sequential_skip_in_iterations: 8
2022/02/01-19:48:31.272915 7f210bcbf700                    Options.max_compaction_bytes: 1677721600
2022/02/01-19:48:31.272915 7f210bcbf700                        Options.arena_block_size: 8388608
2022/02/01-19:48:31.272916 7f210bcbf700   Options.soft_pending_compaction_bytes_limit: 68719476736
2022/02/01-19:48:31.272917 7f210bcbf700   Options.hard_pending_compaction_bytes_limit: 274877906944
2022/02/01-19:48:31.272918 7f210bcbf700       Options.rate_limit_delay_max_milliseconds: 100
2022/02/01-19:48:31.272919 7f210bcbf700                Options.disable_auto_compactions: 0
2022/02/01-19:48:31.272920 7f210bcbf700                        Options.compaction_style: kCompactionStyleLevel
2022/02/01-19:48:31.272921 7f210bcbf700                          Options.compaction_pri: kMinOverlappingRatio
2022/02/01-19:48:31.272928 7f210bcbf700 Options.compaction_options_universal.size_ratio: 1
2022/02/01-19:48:31.272929 7f210bcbf700 Options.compaction_options_universal.min_merge_width: 2
2022/02/01-19:48:31.272929 7f210bcbf700 Options.compaction_options_universal.max_merge_width: 4294967295
2022/02/01-19:48:31.272930 7f210bcbf700 Options.compaction_options_universal.max_size_amplification_percent: 200
2022/02/01-19:48:31.272931 7f210bcbf700 Options.compaction_options_universal.compression_size_percent: -1
2022/02/01-19:48:31.272932 7f210bcbf700 Options.compaction_options_universal.stop_style: kCompactionStopStyleTotalSize
2022/02/01-19:48:31.272933 7f210bcbf700 Options.compaction_options_fifo.max_table_files_size: 1073741824
2022/02/01-19:48:31.272934 7f210bcbf700 Options.compaction_options_fifo.allow_compaction: 0
2022/02/01-19:48:31.272936 7f210bcbf700                   Options.table_properties_collectors: 
2022/02/01-19:48:31.272941 7f210bcbf700                   Options.inplace_update_support: 0
2022/02/01-19:48:31.272942 7f210bcbf700                 Options.inplace_update_num_locks: 10000
2022/02/01-19:48:31.272943 7f210bcbf700               Options.memtable_prefix_bloom_size_ratio: 0.000000
2022/02/01-19:48:31.272944 7f210bcbf700               Options.memtable_whole_key_filtering: 0
2022/02/01-19:48:31.272945 7f210bcbf700   Options.memtable_huge_page_size: 0
2022/02/01-19:48:31.272946 7f210bcbf700                           Options.bloom_locality: 0
2022/02/01-19:48:31.272946 7f210bcbf700                    Options.max_successive_merges: 0
2022/02/01-19:48:31.272947 7f210bcbf700                Options.optimize_filters_for_hits: 0
2022/02/01-19:48:31.272948 7f210bcbf700                Options.paranoid_file_checks: 0
2022/02/01-19:48:31.272949 7f210bcbf700                Options.force_consistency_checks: 1
2022/02/01-19:48:31.272949 7f210bcbf700                Options.report_bg_io_stats: 0
2022/02/01-19:48:31.272950 7f210bcbf700                               Options.ttl: 2592000
2022/02/01-19:48:31.272951 7f210bcbf700          Options.periodic_compaction_seconds: 0
2022/02/01-19:48:31.272991 7f210bcbf700                    Options.enable_blob_files: false
2022/02/01-19:48:31.272992 7f210bcbf700                        Options.min_blob_size: 0
2022/02/01-19:48:31.272993 7f210bcbf700                       Options.blob_file_size: 268435456
2022/02/01-19:48:31.272995 7f210bcbf700                Options.blob_compression_type: NoCompression
2022/02/01-19:48:31.272996 7f210bcbf700       Options.enable_blob_garbage_collection: false
2022/02/01-19:48:31.272996 7f210bcbf700   Options.blob_garbage_collection_age_cutoff: 0.250000
2022/02/01-19:48:31.273046 7f210bcbf700 [/column_family.cc:597] --------------- Options for column family []:
2022/02/01-19:48:31.273048 7f210bcbf700               Options.comparator: leveldb.BytewiseComparator
2022/02/01-19:48:31.273049 7f210bcbf700           Options.merge_operator: None
2022/02/01-19:48:31.273050 7f210bcbf700        Options.compaction_filter: None
2022/02/01-19:48:31.273051 7f210bcbf700        Options.compaction_filter_factory: None
2022/02/01-19:48:31.273051 7f210bcbf700  Options.sst_partitioner_factory: None
2022/02/01-19:48:31.273052 7f210bcbf700         Options.memtable_factory: SkipListFactory
2022/02/01-19:48:31.273053 7f210bcbf700            Options.table_factory: BlockBasedTable
2022/02/01-19:48:31.273075 7f210bcbf700            table_factory options:   flush_block_policy_factory: FlushBlockBySizePolicyFactory (0x7f21058fb940)
  cache_index_and_filter_blocks: 0
  cache_index_and_filter_blocks_with_high_priority: 1
  pin_l0_filter_and_index_blocks_in_cache: 0
  pin_top_level_index_and_filter: 1
  index_type: 0
  data_block_index_type: 0
  index_shortening: 1
  data_block_hash_table_util_ratio: 0.750000
  hash_index_allow_collision: 1
  checksum: 1
  no_block_cache: 0
  block_cache: 0x7f21058fb980
  block_cache_name: LRUCache
  block_cache_options:
    capacity : 8388608
    num_shard_bits : 4
    strict_capacity_limit : 0
    memory_allocator : None
    high_pri_pool_ratio: 0.000
  block_cache_compressed: (nil)
  persistent_cache: (nil)
  block_size: 4096
  block_size_deviation: 10
  block_restart_interval: 16
  index_block_restart_interval: 1
  metadata_block_size: 4096
  partition_filters: 0
  use_delta_encoding: 1
  filter_policy: nullptr
  whole_key_filtering: 1
  verify_compression: 0
  read_amp_bytes_per_bit: 0
  format_version: 4
  enable_index_compression: 1
  block_align: 0
2022/02/01-19:48:31.273091 7f210bcbf700        Options.write_buffer_size: 67108864
2022/02/01-19:48:31.273092 7f210bcbf700  Options.max_write_buffer_number: 2
2022/02/01-19:48:31.273093 7f210bcbf700          Options.compression: Snappy
2022/02/01-19:48:31.273094 7f210bcbf700                  Options.bottommost_compression: Disabled
2022/02/01-19:48:31.273095 7f210bcbf700       Options.prefix_extractor: nullptr
2022/02/01-19:48:31.273096 7f210bcbf700   Options.memtable_insert_with_hint_prefix_extractor: nullptr
2022/02/01-19:48:31.273097 7f210bcbf700             Options.num_levels: 7
2022/02/01-19:48:31.273098 7f210bcbf700        Options.min_write_buffer_number_to_merge: 1
2022/02/01-19:48:31.273098 7f210bcbf700     Options.max_write_buffer_number_to_maintain: 0
2022/02/01-19:48:31.273099 7f210bcbf700     Options.max_write_buffer_size_to_maintain: 134217728
2022/02/01-19:48:31.273100 7f210bcbf700            Options.bottommost_compression_opts.window_bits: -14
2022/02/01-19:48:31.273101 7f210bcbf700                  Options.bottommost_compression_opts.level: 32767
2022/02/01-19:48:31.273102 7f210bcbf700               Options.bottommost_compression_opts.strategy: 0
2022/02/01-19:48:31.273102 7f210bcbf700         Options.bottommost_compression_opts.max_dict_bytes: 0
2022/02/01-19:48:31.273103 7f210bcbf700         Options.bottommost_compression_opts.zstd_max_train_bytes: 0
2022/02/01-19:48:31.273104 7f210bcbf700         Options.bottommost_compression_opts.parallel_threads: 1
2022/02/01-19:48:31.273105 7f210bcbf700                  Options.bottommost_compression_opts.enabled: false
2022/02/01-19:48:31.273106 7f210bcbf700            Options.compression_opts.window_bits: -14
2022/02/01-19:48:31.273107 7f210bcbf700                  Options.compression_opts.level: 32767
2022/02/01-19:48:31.273107 7f210bcbf700               Options.compression_opts.strategy: 0
2022/02/01-19:48:31.273108 7f210bcbf700         Options.compression_opts.max_dict_bytes: 0
2022/02/01-19:48:31.273109 7f210bcbf700         Options.compression_opts.zstd_max_train_bytes: 0
2022/02/01-19:48:31.273110 7f210bcbf700         Options.compression_opts.parallel_threads: 1
2022/02/01-19:48:31.273111 7f210bcbf700                  Options.compression_opts.enabled: false
2022/02/01-19:48:31.273111 7f210bcbf700      Options.level0_file_num_compaction_trigger: 4
2022/02/01-19:48:31.273112 7f210bcbf700          Options.level0_slowdown_writes_trigger: 20
2022/02/01-19:48:31.273113 7f210bcbf700              Options.level0_stop_writes_trigger: 36
2022/02/01-19:48:31.273114 7f210bcbf700                   Options.target_file_size_base: 67108864
2022/02/01-19:48:31.273115 7f210bcbf700             Options.target_file_size_multiplier: 1
2022/02/01-19:48:31.273115 7f210bcbf700                Options.max_bytes_for_level_base: 268435456
2022/02/01-19:48:31.273116 7f210bcbf700 Options.level_compaction_dynamic_level_bytes: 0
2022/02/01-19:48:31.273117 7f210bcbf700          Options.max_bytes_for_level_multiplier: 10.000000
2022/02/01-19:48:31.273119 7f210bcbf700 Options.max_bytes_for_level_multiplier_addtl[0]: 1
2022/02/01-19:48:31.273120 7f210bcbf700 Options.max_bytes_for_level_multiplier_addtl[1]: 1
2022/02/01-19:48:31.273121 7f210bcbf700 Options.max_bytes_for_level_multiplier_addtl[2]: 1
2022/02/01-19:48:31.273121 7f210bcbf700 Options.max_bytes_for_level_multiplier_addtl[3]: 1
2022/02/01-19:48:31.273122 7f210bcbf700 Options.max_bytes_for_level_multiplier_addtl[4]: 1
2022/02/01-19:48:31.273123 7f210bcbf700 Options.max_bytes_for_level_multiplier_addtl[5]: 1
2022/02/01-19:48:31.273124 7f210bcbf700 Options.max_bytes_for_level_multiplier_addtl[6]: 1
2022/02/01-19:48:31.273124 7f210bcbf700       Options.max_sequential_skip_in_iterations: 8
2022/02/01-19:48:31.273131 7f210bcbf700                    Options.max_compaction_bytes: 1677721600
2022/02/01-19:48:31.273132 7f210bcbf700                        Options.arena_block_size: 8388608
2022/02/01-19:48:31.273133 7f210bcbf700   Options.soft_pending_compaction_bytes_limit: 68719476736
2022/02/01-19:48:31.273134 7f210bcbf700   Options.hard_pending_compaction_bytes_limit: 274877906944
2022/02/01-19:48:31.273135 7f210bcbf700       Options.rate_limit_delay_max_milliseconds: 100
2022/02/01-19:48:31.273136 7f210bcbf700                Options.disable_auto_compactions: 0
2022/02/01-19:48:31.273137 7f210bcbf700                        Options.compaction_style: kCompactionStyleLevel
2022/02/01-19:48:31.273138 7f210bcbf700                          Options.compaction_pri: kMinOverlappingRatio
2022/02/01-19:48:31.273139 7f210bcbf700 Options.compaction_options_universal.size_ratio: 1
2022/02/01-19:48:31.273139 7f210bcbf700 Options.compaction_options_universal.min_merge_width: 2
2022/02/01-19:48:31.273140 7f210bcbf700 Options.compaction_options_universal.max_merge_width: 4294967295
2022/02/01-19:48:31.273141 7f210bcbf700 Options.compaction_options_universal.max_size_amplification_percent: 200
2022/02/01-19:48:31.273142 7f210bcbf700 Options.compaction_options_universal.compression_size_percent: -1
2022/02/01-19:48:31.273143 7f210bcbf700 Options.compaction_options_universal.stop_style: kCompactionStopStyleTotalSize
2022/02/01-19:48:31.273143 7f210bcbf700 Options.compaction_options_fifo.max_table_files_size: 1073741824
2022/02/01-19:48:31.273144 7f210bcbf700 Options.compaction_options_fifo.allow_compaction: 0
2022/02/01-19:48:31.273147 7f210bcbf700                   Options.table_properties_collectors: 
2022/02/01-19:48:31.273148 7f210bcbf700                   Options.inplace_update_support: 0
2022/02/01-19:48:31.273149 7f210bcbf700                 Options.inplace_update_num_locks: 10000
2022/02/01-19:48:31.273149 7f210bcbf700               Options.memtable_prefix_bloom_size_ratio: 0.000000
2022/02/01-19:48:31.273150 7f210bcbf700               Options.memtable_whole_key_filtering: 0
2022/02/01-19:48:31.273151 7f210bcbf700   Options.memtable_huge_page_size: 0
2022/02/01-19:48:31.273152 7f210bcbf700                           Options.bloom_locality: 0
2022/02/01-19:48:31.273153 7f210bcbf700                    Options.max_successive_merges: 0
2022/02/01-19:48:31.273154 7f210bcbf700                Options.optimize_filters_for_hits: 0
2022/02/01-19:48:31.273154 7f210bcbf700                Options.paranoid_file_checks: 0
2022/02/01-19:48:31.273155 7f210bcbf700                Options.force_consistency_checks: 1
2022/02/01-19:48:31.273156 7f210bcbf700                Options.report_bg_io_stats: 0
2022/02/01-19:48:31.273157 7f210bcbf700                               Options.ttl: 2592000
2022/02/01-19:48:31.273158 7f210bcbf700          Options.periodic_compaction_seconds: 0
2022/02/01-19:48:31.273158 7f210bcbf700                    Options.enable_blob_files: false
2022/02/01-19:48:31.273159 7f210bcbf700                        Options.min_blob_size: 0
2022/02/01-19:48:31.273160 7f210bcbf700                       Options.blob_file_size: 268435456
2022/02/01-19:48:31.273161 7f210bcbf700                Options.blob_compression_type: NoCompression
2022/02/01-19:48:31.273162 7f210bcbf700       Options.enable_blob_garbage_collection: false
2022/02/01-19:48:31.273163 7f210bcbf700   Options.blob_garbage_collection_age_cutoff: 0.250000
2022/02/01-19:48:31.273202 7f210bcbf700 [/column_family.cc:597] --------------- Options for column family []:
2022/02/01-19:48:31.273204 7f210bcbf700               Options.comparator: leveldb.BytewiseComparator
2022/02/01-19:48:31.273205 7f210bcbf700           Options.merge_operator: None
2022/02/01-19:48:31.273206 7f210bcbf700        Options.compaction_filter: None
2022/02/01-19:48:31.273206 7f210bcbf700        Options.compaction_filter_factory: None
2022/02/01-19:48:31.273207 7f210bcbf700  Options.sst_partitioner_factory: None
2022/02/01-19:48:31.273208 7f210bcbf700         Options.memtable_factory: SkipListFactory
2022/02/01-19:48:31.273217 7f210bcbf700            Options.table_factory: BlockBasedTable
2022/02/01-19:48:31.273236 7f210bcbf700            table_factory options:   flush_block_policy_factory: FlushBlockBySizePolicyFactory (0x7f21058fd4a0)
  cache_index_and_filter_blocks: 0
  cache_index_and_filter_blocks_with_high_priority: 1
  pin_l0_filter_and_index_blocks_in_cache: 0
  pin_top_level_index_and_filter: 1
  index_type: 0
  data_block_index_type: 0
  index_shortening: 1
  data_block_hash_table_util_ratio: 0.750000
  hash_index_allow_collision: 1
  checksum: 1
  no_block_cache: 0
  block_cache: 0x7f21058fd4e0
  block_cache_name: LRUCache
  block_cache_options:
    capacity : 8388608
    num_shard_bits : 4
    strict_capacity_limit : 0
    memory_allocator : None
    high_pri_pool_ratio: 0.000
  block_cache_compressed: (nil)
  persistent_cache: (nil)
  block_size: 4096
  block_size_deviation: 10
  block_restart_interval: 16
  index_block_restart_interval: 1
  metadata_block_size: 4096
  partition_filters: 0
  use_delta_encoding: 1
  filter_policy: nullptr
  whole_key_filtering: 1
  verify_compression: 0
  read_amp_bytes_per_bit: 0
  format_version: 4
  enable_index_compression: 1
  block_align: 0
2022/02/01-19:48:31.273237 7f210bcbf700        Options.write_buffer_size: 67108864
2022/02/01-19:48:31.273238 7f210bcbf700  Options.max_write_buffer_number: 2
2022/02/01-19:48:31.273239 7f210bcbf700          Options.compression: Snappy
2022/02/01-19:48:31.273240 7f210bcbf700                  Options.bottommost_compression: Disabled
2022/02/01-19:48:31.273241 7f210bcbf700       Options.prefix_extractor: nullptr
2022/02/01-19:48:31.273242 7f210bcbf700   Options.memtable_insert_with_hint_prefix_extractor: nullptr
2022/02/01-19:48:31.273243 7f210bcbf700             Options.num_levels: 7
2022/02/01-19:48:31.273243 7f210bcbf700        Options.min_write_buffer_number_to_merge: 1
2022/02/01-19:48:31.273244 7f210bcbf700     Options.max_write_buffer_number_to_maintain: 0
2022/02/01-19:48:31.273245 7f210bcbf700     Options.max_write_buffer_size_to_maintain: 134217728
2022/02/01-19:48:31.273246 7f210bcbf700            Options.bottommost_compression_opts.window_bits: -14
2022/02/01-19:48:31.273247 7f210bcbf700                  Options.bottommost_compression_opts.level: 32767
2022/02/01-19:48:31.273248 7f210bcbf700               Options.bottommost_compression_opts.strategy: 0
2022/02/01-19:48:31.273248 7f210bcbf700         Options.bottommost_compression_opts.max_dict_bytes: 0
2022/02/01-19:48:31.273249 7f210bcbf700         Options.bottommost_compression_opts.zstd_max_train_bytes: 0
2022/02/01-19:48:31.273250 7f210bcbf700         Options.bottommost_compression_opts.parallel_threads: 1
2022/02/01-19:48:31.273251 7f210bcbf700                  Options.bottommost_compression_opts.enabled: false
2022/02/01-19:48:31.273251 7f210bcbf700            Options.compression_opts.window_bits: -14
2022/02/01-19:48:31.273252 7f210bcbf700                  Options.compression_opts.level: 32767
