2022/02/01-19:45:31.717618 7f3f954a9700 RocksDB version: 6.15.2
2022/02/01-19:45:31.717674 7f3f954a9700 Git sha rocksdb_build_git_sha:
2022/02/01-19:45:31.717677 7f3f954a9700 Compile date Jan  4 2021
2022/02/01-19:45:31.717753 7f3f954a9700 DB SUMMARY
2022/02/01-19:45:31.717755 7f3f954a9700 DB Session ID:  DKB9OMRG4H7IINOKY2V4
2022/02/01-19:45:31.717796 7f3f954a9700 CURRENT file:  CURRENT
2022/02/01-19:45:31.717798 7f3f954a9700 IDENTITY file:  IDENTITY
2022/02/01-19:45:31.717801 7f3f954a9700 MANIFEST file:  MANIFEST-000003 size: 393 Bytes
2022/02/01-19:45:31.717804 7f3f954a9700 SST files in /home/me/Desktop/besu-21.10.9/database dir, Total Num: 0, files: 
2022/02/01-19:45:31.717805 7f3f954a9700 Write Ahead Log file in /home/me/Desktop/besu-21.10.9/database: 000004.log size: 1930167 ; 
2022/02/01-19:45:31.717808 7f3f954a9700                         Options.error_if_exists: 0
2022/02/01-19:45:31.717809 7f3f954a9700                       Options.create_if_missing: 1
2022/02/01-19:45:31.717810 7f3f954a9700                         Options.paranoid_checks: 1
2022/02/01-19:45:31.717811 7f3f954a9700                               Options.track_and_verify_wals_in_manifest: 0
2022/02/01-19:45:31.717812 7f3f954a9700                                     Options.env: 0x7f3f13fbc3c0
2022/02/01-19:45:31.717813 7f3f954a9700                                      Options.fs: Posix File System
2022/02/01-19:45:31.717814 7f3f954a9700                                Options.info_log: 0x7f3f9186f6f0
2022/02/01-19:45:31.717815 7f3f954a9700                Options.max_file_opening_threads: 16
2022/02/01-19:45:31.717815 7f3f954a9700                              Options.statistics: 0x7f3f917fc800
2022/02/01-19:45:31.717816 7f3f954a9700                               Options.use_fsync: 0
2022/02/01-19:45:31.717817 7f3f954a9700                       Options.max_log_file_size: 0
2022/02/01-19:45:31.717818 7f3f954a9700                  Options.max_manifest_file_size: 1073741824
2022/02/01-19:45:31.717819 7f3f954a9700                   Options.log_file_time_to_roll: 0
2022/02/01-19:45:31.717820 7f3f954a9700                       Options.keep_log_file_num: 1000
2022/02/01-19:45:31.717821 7f3f954a9700                    Options.recycle_log_file_num: 0
2022/02/01-19:45:31.717821 7f3f954a9700                         Options.allow_fallocate: 1
2022/02/01-19:45:31.717822 7f3f954a9700                        Options.allow_mmap_reads: 0
2022/02/01-19:45:31.717823 7f3f954a9700                       Options.allow_mmap_writes: 0
2022/02/01-19:45:31.717824 7f3f954a9700                        Options.use_direct_reads: 0
2022/02/01-19:45:31.717825 7f3f954a9700                        Options.use_direct_io_for_flush_and_compaction: 0
2022/02/01-19:45:31.717825 7f3f954a9700          Options.create_missing_column_families: 1
2022/02/01-19:45:31.717826 7f3f954a9700                              Options.db_log_dir: 
2022/02/01-19:45:31.717827 7f3f954a9700                                 Options.wal_dir: /home/me/Desktop/besu-21.10.9/database
2022/02/01-19:45:31.717828 7f3f954a9700                Options.table_cache_numshardbits: 6
2022/02/01-19:45:31.717829 7f3f954a9700                         Options.WAL_ttl_seconds: 0
2022/02/01-19:45:31.717830 7f3f954a9700                       Options.WAL_size_limit_MB: 0
2022/02/01-19:45:31.717830 7f3f954a9700                        Options.max_write_batch_group_size_bytes: 1048576
2022/02/01-19:45:31.717832 7f3f954a9700             Options.manifest_preallocation_size: 4194304
2022/02/01-19:45:31.717832 7f3f954a9700                     Options.is_fd_close_on_exec: 1
2022/02/01-19:45:31.717833 7f3f954a9700                   Options.advise_random_on_open: 1
2022/02/01-19:45:31.717834 7f3f954a9700                    Options.db_write_buffer_size: 0
2022/02/01-19:45:31.717835 7f3f954a9700                    Options.write_buffer_manager: 0x7f3f9187a3d0
2022/02/01-19:45:31.717836 7f3f954a9700         Options.access_hint_on_compaction_start: 1
2022/02/01-19:45:31.717836 7f3f954a9700  Options.new_table_reader_for_compaction_inputs: 0
2022/02/01-19:45:31.717837 7f3f954a9700           Options.random_access_max_buffer_size: 1048576
2022/02/01-19:45:31.717853 7f3f954a9700                      Options.use_adaptive_mutex: 0
2022/02/01-19:45:31.717854 7f3f954a9700                            Options.rate_limiter: (nil)
2022/02/01-19:45:31.717881 7f3f954a9700     Options.sst_file_manager.rate_bytes_per_sec: 0
2022/02/01-19:45:31.717884 7f3f954a9700                       Options.wal_recovery_mode: 2
2022/02/01-19:45:31.717885 7f3f954a9700                  Options.enable_thread_tracking: 0
2022/02/01-19:45:31.717886 7f3f954a9700                  Options.enable_pipelined_write: 0
2022/02/01-19:45:31.717887 7f3f954a9700                  Options.unordered_write: 0
2022/02/01-19:45:31.717888 7f3f954a9700         Options.allow_concurrent_memtable_write: 1
2022/02/01-19:45:31.717890 7f3f954a9700      Options.enable_write_thread_adaptive_yield: 1
2022/02/01-19:45:31.717891 7f3f954a9700             Options.write_thread_max_yield_usec: 100
2022/02/01-19:45:31.717892 7f3f954a9700            Options.write_thread_slow_yield_usec: 3
2022/02/01-19:45:31.717893 7f3f954a9700                               Options.row_cache: None
2022/02/01-19:45:31.717895 7f3f954a9700                              Options.wal_filter: None
2022/02/01-19:45:31.717896 7f3f954a9700             Options.avoid_flush_during_recovery: 0
2022/02/01-19:45:31.717897 7f3f954a9700             Options.allow_ingest_behind: 0
2022/02/01-19:45:31.717898 7f3f954a9700             Options.preserve_deletes: 0
2022/02/01-19:45:31.717899 7f3f954a9700             Options.two_write_queues: 0
2022/02/01-19:45:31.717901 7f3f954a9700             Options.manual_wal_flush: 0
2022/02/01-19:45:31.717902 7f3f954a9700             Options.atomic_flush: 0
2022/02/01-19:45:31.717903 7f3f954a9700             Options.avoid_unnecessary_blocking_io: 0
2022/02/01-19:45:31.717904 7f3f954a9700                 Options.persist_stats_to_disk: 0
2022/02/01-19:45:31.717905 7f3f954a9700                 Options.write_dbid_to_manifest: 0
2022/02/01-19:45:31.717906 7f3f954a9700                 Options.log_readahead_size: 0
2022/02/01-19:45:31.717908 7f3f954a9700                 Options.file_checksum_gen_factory: Unknown
2022/02/01-19:45:31.717909 7f3f954a9700                 Options.best_efforts_recovery: 0
2022/02/01-19:45:31.717910 7f3f954a9700                Options.max_bgerror_resume_count: 2147483647
2022/02/01-19:45:31.717912 7f3f954a9700            Options.bgerror_resume_retry_interval: 1000000
2022/02/01-19:45:31.717913 7f3f954a9700             Options.allow_data_in_errors: 0
2022/02/01-19:45:31.717914 7f3f954a9700             Options.db_host_id: __hostname__
2022/02/01-19:45:31.717917 7f3f954a9700             Options.max_background_jobs: 2
2022/02/01-19:45:31.717919 7f3f954a9700             Options.max_background_compactions: 4
2022/02/01-19:45:31.717920 7f3f954a9700             Options.max_subcompactions: 1
2022/02/01-19:45:31.717922 7f3f954a9700             Options.avoid_flush_during_shutdown: 0
2022/02/01-19:45:31.717923 7f3f954a9700           Options.writable_file_max_buffer_size: 1048576
2022/02/01-19:45:31.717924 7f3f954a9700             Options.delayed_write_rate : 16777216
2022/02/01-19:45:31.717925 7f3f954a9700             Options.max_total_wal_size: 0
2022/02/01-19:45:31.717927 7f3f954a9700             Options.delete_obsolete_files_period_micros: 21600000000
2022/02/01-19:45:31.717928 7f3f954a9700                   Options.stats_dump_period_sec: 600
2022/02/01-19:45:31.717930 7f3f954a9700                 Options.stats_persist_period_sec: 600
2022/02/01-19:45:31.717931 7f3f954a9700                 Options.stats_history_buffer_size: 1048576
2022/02/01-19:45:31.717933 7f3f954a9700                          Options.max_open_files: 1024
2022/02/01-19:45:31.717934 7f3f954a9700                          Options.bytes_per_sync: 0
2022/02/01-19:45:31.717934 7f3f954a9700                      Options.wal_bytes_per_sync: 0
2022/02/01-19:45:31.717935 7f3f954a9700                   Options.strict_bytes_per_sync: 0
2022/02/01-19:45:31.717936 7f3f954a9700       Options.compaction_readahead_size: 0
2022/02/01-19:45:31.717937 7f3f954a9700                  Options.max_background_flushes: -1
2022/02/01-19:45:31.717959 7f3f954a9700 Compression algorithms supported:
2022/02/01-19:45:31.717962 7f3f954a9700 	kZSTDNotFinalCompression supported: 1
2022/02/01-19:45:31.717974 7f3f954a9700 	kZSTD supported: 1
2022/02/01-19:45:31.717976 7f3f954a9700 	kXpressCompression supported: 0
2022/02/01-19:45:31.717977 7f3f954a9700 	kLZ4HCCompression supported: 1
2022/02/01-19:45:31.717978 7f3f954a9700 	kLZ4Compression supported: 1
2022/02/01-19:45:31.717980 7f3f954a9700 	kBZip2Compression supported: 1
2022/02/01-19:45:31.717981 7f3f954a9700 	kZlibCompression supported: 1
2022/02/01-19:45:31.717983 7f3f954a9700 	kSnappyCompression supported: 1
2022/02/01-19:45:31.717991 7f3f954a9700 Fast CRC32 supported: Not supported on x86
2022/02/01-19:45:31.725468 7f3f954a9700 [/version_set.cc:4725] Recovering from manifest file: /home/me/Desktop/besu-21.10.9/database/MANIFEST-000003
2022/02/01-19:45:31.725731 7f3f954a9700 [/column_family.cc:597] --------------- Options for column family [default]:
2022/02/01-19:45:31.725735 7f3f954a9700               Options.comparator: leveldb.BytewiseComparator
2022/02/01-19:45:31.725737 7f3f954a9700           Options.merge_operator: None
2022/02/01-19:45:31.725738 7f3f954a9700        Options.compaction_filter: None
2022/02/01-19:45:31.725738 7f3f954a9700        Options.compaction_filter_factory: None
2022/02/01-19:45:31.725739 7f3f954a9700  Options.sst_partitioner_factory: None
2022/02/01-19:45:31.725740 7f3f954a9700         Options.memtable_factory: SkipListFactory
2022/02/01-19:45:31.725741 7f3f954a9700            Options.table_factory: BlockBasedTable
2022/02/01-19:45:31.725775 7f3f954a9700            table_factory options:   flush_block_policy_factory: FlushBlockBySizePolicyFactory (0x7f3f91807ff0)
  cache_index_and_filter_blocks: 0
  cache_index_and_filter_blocks_with_high_priority: 1
  pin_l0_filter_and_index_blocks_in_cache: 0
  pin_top_level_index_and_filter: 1
  index_type: 0
  data_block_index_type: 0
  index_shortening: 1
  data_block_hash_table_util_ratio: 0.750000
  hash_index_allow_collision: 1
  checksum: 1
  no_block_cache: 0
  block_cache: 0x7f3f91805c60
  block_cache_name: LRUCache
  block_cache_options:
    capacity : 8388608
    num_shard_bits : 4
    strict_capacity_limit : 0
    memory_allocator : None
    high_pri_pool_ratio: 0.000
  block_cache_compressed: (nil)
  persistent_cache: (nil)
  block_size: 4096
  block_size_deviation: 10
  block_restart_interval: 16
  index_block_restart_interval: 1
  metadata_block_size: 4096
  partition_filters: 0
  use_delta_encoding: 1
  filter_policy: nullptr
  whole_key_filtering: 1
  verify_compression: 0
  read_amp_bytes_per_bit: 0
  format_version: 4
  enable_index_compression: 1
  block_align: 0
2022/02/01-19:45:31.725777 7f3f954a9700        Options.write_buffer_size: 67108864
2022/02/01-19:45:31.725778 7f3f954a9700  Options.max_write_buffer_number: 2
2022/02/01-19:45:31.725779 7f3f954a9700          Options.compression: Snappy
2022/02/01-19:45:31.725780 7f3f954a9700                  Options.bottommost_compression: Disabled
2022/02/01-19:45:31.725781 7f3f954a9700       Options.prefix_extractor: nullptr
2022/02/01-19:45:31.725782 7f3f954a9700   Options.memtable_insert_with_hint_prefix_extractor: nullptr
2022/02/01-19:45:31.725783 7f3f954a9700             Options.num_levels: 7
2022/02/01-19:45:31.725784 7f3f954a9700        Options.min_write_buffer_number_to_merge: 1
2022/02/01-19:45:31.725784 7f3f954a9700     Options.max_write_buffer_number_to_maintain: 0
2022/02/01-19:45:31.725785 7f3f954a9700     Options.max_write_buffer_size_to_maintain: 134217728
2022/02/01-19:45:31.725786 7f3f954a9700            Options.bottommost_compression_opts.window_bits: -14
2022/02/01-19:45:31.725787 7f3f954a9700                  Options.bottommost_compression_opts.level: 32767
2022/02/01-19:45:31.725788 7f3f954a9700               Options.bottommost_compression_opts.strategy: 0
2022/02/01-19:45:31.725789 7f3f954a9700         Options.bottommost_compression_opts.max_dict_bytes: 0
2022/02/01-19:45:31.725789 7f3f954a9700         Options.bottommost_compression_opts.zstd_max_train_bytes: 0
2022/02/01-19:45:31.725815 7f3f954a9700         Options.bottommost_compression_opts.parallel_threads: 1
2022/02/01-19:45:31.725816 7f3f954a9700                  Options.bottommost_compression_opts.enabled: false
2022/02/01-19:45:31.725817 7f3f954a9700            Options.compression_opts.window_bits: -14
2022/02/01-19:45:31.725818 7f3f954a9700                  Options.compression_opts.level: 32767
2022/02/01-19:45:31.725819 7f3f954a9700               Options.compression_opts.strategy: 0
2022/02/01-19:45:31.725820 7f3f954a9700         Options.compression_opts.max_dict_bytes: 0
2022/02/01-19:45:31.725821 7f3f954a9700         Options.compression_opts.zstd_max_train_bytes: 0
2022/02/01-19:45:31.725821 7f3f954a9700         Options.compression_opts.parallel_threads: 1
2022/02/01-19:45:31.725822 7f3f954a9700                  Options.compression_opts.enabled: false
2022/02/01-19:45:31.725823 7f3f954a9700      Options.level0_file_num_compaction_trigger: 4
2022/02/01-19:45:31.725824 7f3f954a9700          Options.level0_slowdown_writes_trigger: 20
2022/02/01-19:45:31.725825 7f3f954a9700              Options.level0_stop_writes_trigger: 36
2022/02/01-19:45:31.725826 7f3f954a9700                   Options.target_file_size_base: 67108864
2022/02/01-19:45:31.725826 7f3f954a9700             Options.target_file_size_multiplier: 1
2022/02/01-19:45:31.725827 7f3f954a9700                Options.max_bytes_for_level_base: 268435456
2022/02/01-19:45:31.725828 7f3f954a9700 Options.level_compaction_dynamic_level_bytes: 0
2022/02/01-19:45:31.725829 7f3f954a9700          Options.max_bytes_for_level_multiplier: 10.000000
2022/02/01-19:45:31.725831 7f3f954a9700 Options.max_bytes_for_level_multiplier_addtl[0]: 1
2022/02/01-19:45:31.725832 7f3f954a9700 Options.max_bytes_for_level_multiplier_addtl[1]: 1
2022/02/01-19:45:31.725833 7f3f954a9700 Options.max_bytes_for_level_multiplier_addtl[2]: 1
2022/02/01-19:45:31.725834 7f3f954a9700 Options.max_bytes_for_level_multiplier_addtl[3]: 1
2022/02/01-19:45:31.725835 7f3f954a9700 Options.max_bytes_for_level_multiplier_addtl[4]: 1
2022/02/01-19:45:31.725836 7f3f954a9700 Options.max_bytes_for_level_multiplier_addtl[5]: 1
2022/02/01-19:45:31.725836 7f3f954a9700 Options.max_bytes_for_level_multiplier_addtl[6]: 1
2022/02/01-19:45:31.725837 7f3f954a9700       Options.max_sequential_skip_in_iterations: 8
2022/02/01-19:45:31.725838 7f3f954a9700                    Options.max_compaction_bytes: 1677721600
2022/02/01-19:45:31.725839 7f3f954a9700                        Options.arena_block_size: 8388608
2022/02/01-19:45:31.725840 7f3f954a9700   Options.soft_pending_compaction_bytes_limit: 68719476736
2022/02/01-19:45:31.725841 7f3f954a9700   Options.hard_pending_compaction_bytes_limit: 274877906944
2022/02/01-19:45:31.725842 7f3f954a9700       Options.rate_limit_delay_max_milliseconds: 100
2022/02/01-19:45:31.725842 7f3f954a9700                Options.disable_auto_compactions: 0
2022/02/01-19:45:31.725844 7f3f954a9700                        Options.compaction_style: kCompactionStyleLevel
2022/02/01-19:45:31.725846 7f3f954a9700                          Options.compaction_pri: kMinOverlappingRatio
2022/02/01-19:45:31.725847 7f3f954a9700 Options.compaction_options_universal.size_ratio: 1
2022/02/01-19:45:31.725847 7f3f954a9700 Options.compaction_options_universal.min_merge_width: 2
2022/02/01-19:45:31.725848 7f3f954a9700 Options.compaction_options_universal.max_merge_width: 4294967295
2022/02/01-19:45:31.725849 7f3f954a9700 Options.compaction_options_universal.max_size_amplification_percent: 200
2022/02/01-19:45:31.725850 7f3f954a9700 Options.compaction_options_universal.compression_size_percent: -1
2022/02/01-19:45:31.725851 7f3f954a9700 Options.compaction_options_universal.stop_style: kCompactionStopStyleTotalSize
2022/02/01-19:45:31.725852 7f3f954a9700 Options.compaction_options_fifo.max_table_files_size: 1073741824
2022/02/01-19:45:31.725853 7f3f954a9700 Options.compaction_options_fifo.allow_compaction: 0
2022/02/01-19:45:31.725860 7f3f954a9700                   Options.table_properties_collectors: 
2022/02/01-19:45:31.725869 7f3f954a9700                   Options.inplace_update_support: 0
2022/02/01-19:45:31.725870 7f3f954a9700                 Options.inplace_update_num_locks: 10000
2022/02/01-19:45:31.725871 7f3f954a9700               Options.memtable_prefix_bloom_size_ratio: 0.000000
2022/02/01-19:45:31.725872 7f3f954a9700               Options.memtable_whole_key_filtering: 0
2022/02/01-19:45:31.725873 7f3f954a9700   Options.memtable_huge_page_size: 0
2022/02/01-19:45:31.725874 7f3f954a9700                           Options.bloom_locality: 0
2022/02/01-19:45:31.725875 7f3f954a9700                    Options.max_successive_merges: 0
2022/02/01-19:45:31.725876 7f3f954a9700                Options.optimize_filters_for_hits: 0
2022/02/01-19:45:31.725876 7f3f954a9700                Options.paranoid_file_checks: 0
2022/02/01-19:45:31.725877 7f3f954a9700                Options.force_consistency_checks: 1
2022/02/01-19:45:31.725878 7f3f954a9700                Options.report_bg_io_stats: 0
2022/02/01-19:45:31.725879 7f3f954a9700                               Options.ttl: 2592000
2022/02/01-19:45:31.725880 7f3f954a9700          Options.periodic_compaction_seconds: 0
2022/02/01-19:45:31.725880 7f3f954a9700                    Options.enable_blob_files: false
2022/02/01-19:45:31.725881 7f3f954a9700                        Options.min_blob_size: 0
2022/02/01-19:45:31.725882 7f3f954a9700                       Options.blob_file_size: 268435456
2022/02/01-19:45:31.725883 7f3f954a9700                Options.blob_compression_type: NoCompression
2022/02/01-19:45:31.725884 7f3f954a9700       Options.enable_blob_garbage_collection: false
2022/02/01-19:45:31.725885 7f3f954a9700   Options.blob_garbage_collection_age_cutoff: 0.250000
2022/02/01-19:45:31.726089 7f3f954a9700 [/column_family.cc:597] --------------- Options for column family []:
2022/02/01-19:45:31.726094 7f3f954a9700               Options.comparator: leveldb.BytewiseComparator
2022/02/01-19:45:31.726095 7f3f954a9700           Options.merge_operator: None
2022/02/01-19:45:31.726096 7f3f954a9700        Options.compaction_filter: None
2022/02/01-19:45:31.726098 7f3f954a9700        Options.compaction_filter_factory: None
2022/02/01-19:45:31.726099 7f3f954a9700  Options.sst_partitioner_factory: None
2022/02/01-19:45:31.726100 7f3f954a9700         Options.memtable_factory: SkipListFactory
2022/02/01-19:45:31.726102 7f3f954a9700            Options.table_factory: BlockBasedTable
2022/02/01-19:45:31.726142 7f3f954a9700            table_factory options:   flush_block_policy_factory: FlushBlockBySizePolicyFactory (0x7f3f917f1910)
  cache_index_and_filter_blocks: 0
  cache_index_and_filter_blocks_with_high_priority: 1
  pin_l0_filter_and_index_blocks_in_cache: 0
  pin_top_level_index_and_filter: 1
  index_type: 0
  data_block_index_type: 0
  index_shortening: 1
  data_block_hash_table_util_ratio: 0.750000
  hash_index_allow_collision: 1
  checksum: 1
  no_block_cache: 0
  block_cache: 0x7f3f917f1a30
  block_cache_name: LRUCache
  block_cache_options:
    capacity : 8388608
    num_shard_bits : 4
    strict_capacity_limit : 0
    memory_allocator : None
    high_pri_pool_ratio: 0.000
  block_cache_compressed: (nil)
  persistent_cache: (nil)
  block_size: 4096
  block_size_deviation: 10
  block_restart_interval: 16
  index_block_restart_interval: 1
  metadata_block_size: 4096
  partition_filters: 0
  use_delta_encoding: 1
  filter_policy: nullptr
  whole_key_filtering: 1
  verify_compression: 0
  read_amp_bytes_per_bit: 0
  format_version: 4
  enable_index_compression: 1
  block_align: 0
2022/02/01-19:45:31.726144 7f3f954a9700        Options.write_buffer_size: 67108864
2022/02/01-19:45:31.726146 7f3f954a9700  Options.max_write_buffer_number: 2
2022/02/01-19:45:31.726148 7f3f954a9700          Options.compression: Snappy
2022/02/01-19:45:31.726149 7f3f954a9700                  Options.bottommost_compression: Disabled
2022/02/01-19:45:31.726151 7f3f954a9700       Options.prefix_extractor: nullptr
2022/02/01-19:45:31.726152 7f3f954a9700   Options.memtable_insert_with_hint_prefix_extractor: nullptr
2022/02/01-19:45:31.726175 7f3f954a9700             Options.num_levels: 7
2022/02/01-19:45:31.726177 7f3f954a9700        Options.min_write_buffer_number_to_merge: 1
2022/02/01-19:45:31.726179 7f3f954a9700     Options.max_write_buffer_number_to_maintain: 0
2022/02/01-19:45:31.726180 7f3f954a9700     Options.max_write_buffer_size_to_maintain: 134217728
2022/02/01-19:45:31.726181 7f3f954a9700            Options.bottommost_compression_opts.window_bits: -14
2022/02/01-19:45:31.726183 7f3f954a9700                  Options.bottommost_compression_opts.level: 32767
2022/02/01-19:45:31.726184 7f3f954a9700               Options.bottommost_compression_opts.strategy: 0
2022/02/01-19:45:31.726185 7f3f954a9700         Options.bottommost_compression_opts.max_dict_bytes: 0
2022/02/01-19:45:31.726187 7f3f954a9700         Options.bottommost_compression_opts.zstd_max_train_bytes: 0
2022/02/01-19:45:31.726188 7f3f954a9700         Options.bottommost_compression_opts.parallel_threads: 1
2022/02/01-19:45:31.726189 7f3f954a9700                  Options.bottommost_compression_opts.enabled: false
2022/02/01-19:45:31.726191 7f3f954a9700            Options.compression_opts.window_bits: -14
2022/02/01-19:45:31.726193 7f3f954a9700                  Options.compression_opts.level: 32767
2022/02/01-19:45:31.726194 7f3f954a9700               Options.compression_opts.strategy: 0
2022/02/01-19:45:31.726196 7f3f954a9700         Options.compression_opts.max_dict_bytes: 0
2022/02/01-19:45:31.726197 7f3f954a9700         Options.compression_opts.zstd_max_train_bytes: 0
2022/02/01-19:45:31.726198 7f3f954a9700         Options.compression_opts.parallel_threads: 1
2022/02/01-19:45:31.726199 7f3f954a9700                  Options.compression_opts.enabled: false
2022/02/01-19:45:31.726201 7f3f954a9700      Options.level0_file_num_compaction_trigger: 4
2022/02/01-19:45:31.726202 7f3f954a9700          Options.level0_slowdown_writes_trigger: 20
2022/02/01-19:45:31.726203 7f3f954a9700              Options.level0_stop_writes_trigger: 36
2022/02/01-19:45:31.726205 7f3f954a9700                   Options.target_file_size_base: 67108864
2022/02/01-19:45:31.726206 7f3f954a9700             Options.target_file_size_multiplier: 1
2022/02/01-19:45:31.726207 7f3f954a9700                Options.max_bytes_for_level_base: 268435456
2022/02/01-19:45:31.726209 7f3f954a9700 Options.level_compaction_dynamic_level_bytes: 0
2022/02/01-19:45:31.726210 7f3f954a9700          Options.max_bytes_for_level_multiplier: 10.000000
2022/02/01-19:45:31.726212 7f3f954a9700 Options.max_bytes_for_level_multiplier_addtl[0]: 1
2022/02/01-19:45:31.726214 7f3f954a9700 Options.max_bytes_for_level_multiplier_addtl[1]: 1
2022/02/01-19:45:31.726216 7f3f954a9700 Options.max_bytes_for_level_multiplier_addtl[2]: 1
2022/02/01-19:45:31.726217 7f3f954a9700 Options.max_bytes_for_level_multiplier_addtl[3]: 1
2022/02/01-19:45:31.726218 7f3f954a9700 Options.max_bytes_for_level_multiplier_addtl[4]: 1
2022/02/01-19:45:31.726219 7f3f954a9700 Options.max_bytes_for_level_multiplier_addtl[5]: 1
2022/02/01-19:45:31.726221 7f3f954a9700 Options.max_bytes_for_level_multiplier_addtl[6]: 1
2022/02/01-19:45:31.726222 7f3f954a9700       Options.max_sequential_skip_in_iterations: 8
2022/02/01-19:45:31.726223 7f3f954a9700                    Options.max_compaction_bytes: 1677721600
2022/02/01-19:45:31.726224 7f3f954a9700                        Options.arena_block_size: 8388608
2022/02/01-19:45:31.726226 7f3f954a9700   Options.soft_pending_compaction_bytes_limit: 68719476736
2022/02/01-19:45:31.726227 7f3f954a9700   Options.hard_pending_compaction_bytes_limit: 274877906944
2022/02/01-19:45:31.726229 7f3f954a9700       Options.rate_limit_delay_max_milliseconds: 100
2022/02/01-19:45:31.726230 7f3f954a9700                Options.disable_auto_compactions: 0
2022/02/01-19:45:31.726232 7f3f954a9700                        Options.compaction_style: kCompactionStyleLevel
2022/02/01-19:45:31.726233 7f3f954a9700                          Options.compaction_pri: kMinOverlappingRatio
2022/02/01-19:45:31.726234 7f3f954a9700 Options.compaction_options_universal.size_ratio: 1
2022/02/01-19:45:31.726246 7f3f954a9700 Options.compaction_options_universal.min_merge_width: 2
2022/02/01-19:45:31.726248 7f3f954a9700 Options.compaction_options_universal.max_merge_width: 4294967295
2022/02/01-19:45:31.726249 7f3f954a9700 Options.compaction_options_universal.max_size_amplification_percent: 200
2022/02/01-19:45:31.726251 7f3f954a9700 Options.compaction_options_universal.compression_size_percent: -1
2022/02/01-19:45:31.726252 7f3f954a9700 Options.compaction_options_universal.stop_style: kCompactionStopStyleTotalSize
2022/02/01-19:45:31.726253 7f3f954a9700 Options.compaction_options_fifo.max_table_files_size: 1073741824
2022/02/01-19:45:31.726255 7f3f954a9700 Options.compaction_options_fifo.allow_compaction: 0
2022/02/01-19:45:31.726259 7f3f954a9700                   Options.table_properties_collectors: 
2022/02/01-19:45:31.726261 7f3f954a9700                   Options.inplace_update_support: 0
2022/02/01-19:45:31.726262 7f3f954a9700                 Options.inplace_update_num_locks: 10000
2022/02/01-19:45:31.726263 7f3f954a9700               Options.memtable_prefix_bloom_size_ratio: 0.000000
2022/02/01-19:45:31.726265 7f3f954a9700               Options.memtable_whole_key_filtering: 0
2022/02/01-19:45:31.726266 7f3f954a9700   Options.memtable_huge_page_size: 0
2022/02/01-19:45:31.726268 7f3f954a9700                           Options.bloom_locality: 0
2022/02/01-19:45:31.726269 7f3f954a9700                    Options.max_successive_merges: 0
2022/02/01-19:45:31.726270 7f3f954a9700                Options.optimize_filters_for_hits: 0
2022/02/01-19:45:31.726271 7f3f954a9700                Options.paranoid_file_checks: 0
2022/02/01-19:45:31.726273 7f3f954a9700                Options.force_consistency_checks: 1
2022/02/01-19:45:31.726274 7f3f954a9700                Options.report_bg_io_stats: 0
2022/02/01-19:45:31.726275 7f3f954a9700                               Options.ttl: 2592000
2022/02/01-19:45:31.726276 7f3f954a9700          Options.periodic_compaction_seconds: 0
2022/02/01-19:45:31.726278 7f3f954a9700                    Options.enable_blob_files: false
2022/02/01-19:45:31.726279 7f3f954a9700                        Options.min_blob_size: 0
2022/02/01-19:45:31.726280 7f3f954a9700                       Options.blob_file_size: 268435456
2022/02/01-19:45:31.726282 7f3f954a9700                Options.blob_compression_type: NoCompression
2022/02/01-19:45:31.726284 7f3f954a9700       Options.enable_blob_garbage_collection: false
2022/02/01-19:45:31.726285 7f3f954a9700   Options.blob_garbage_collection_age_cutoff: 0.250000
2022/02/01-19:45:31.726335 7f3f954a9700 [/column_family.cc:597] --------------- Options for column family []:
2022/02/01-19:45:31.726338 7f3f954a9700               Options.comparator: leveldb.BytewiseComparator
2022/02/01-19:45:31.726339 7f3f954a9700           Options.merge_operator: None
2022/02/01-19:45:31.726340 7f3f954a9700        Options.compaction_filter: None
2022/02/01-19:45:31.726342 7f3f954a9700        Options.compaction_filter_factory: None
2022/02/01-19:45:31.726343 7f3f954a9700  Options.sst_partitioner_factory: None
2022/02/01-19:45:31.726344 7f3f954a9700         Options.memtable_factory: SkipListFactory
2022/02/01-19:45:31.726346 7f3f954a9700            Options.table_factory: BlockBasedTable
2022/02/01-19:45:31.726374 7f3f954a9700            table_factory options:   flush_block_policy_factory: FlushBlockBySizePolicyFactory (0x7f3f917f34c0)
  cache_index_and_filter_blocks: 0
  cache_index_and_filter_blocks_with_high_priority: 1
  pin_l0_filter_and_index_blocks_in_cache: 0
  pin_top_level_index_and_filter: 1
  index_type: 0
  data_block_index_type: 0
  index_shortening: 1
  data_block_hash_table_util_ratio: 0.750000
  hash_index_allow_collision: 1
  checksum: 1
  no_block_cache: 0
  block_cache: 0x7f3f917f3500
  block_cache_name: LRUCache
  block_cache_options:
    capacity : 8388608
    num_shard_bits : 4
    strict_capacity_limit : 0
    memory_allocator : None
    high_pri_pool_ratio: 0.000
  block_cache_compressed: (nil)
  persistent_cache: (nil)
  block_size: 4096
  block_size_deviation: 10
  block_restart_interval: 16
  index_block_restart_interval: 1
  metadata_block_size: 4096
  partition_filters: 0
  use_delta_encoding: 1
  filter_policy: nullptr
  whole_key_filtering: 1
  verify_compression: 0
  read_amp_bytes_per_bit: 0
  format_version: 4
  enable_index_compression: 1
  block_align: 0
2022/02/01-19:45:31.726390 7f3f954a9700        Options.write_buffer_size: 67108864
2022/02/01-19:45:31.726392 7f3f954a9700  Options.max_write_buffer_number: 2
2022/02/01-19:45:31.726393 7f3f954a9700          Options.compression: Snappy
2022/02/01-19:45:31.726395 7f3f954a9700                  Options.bottommost_compression: Disabled
2022/02/01-19:45:31.726396 7f3f954a9700       Options.prefix_extractor: nullptr
2022/02/01-19:45:31.726397 7f3f954a9700   Options.memtable_insert_with_hint_prefix_extractor: nullptr
2022/02/01-19:45:31.726398 7f3f954a9700             Options.num_levels: 7
2022/02/01-19:45:31.726399 7f3f954a9700        Options.min_write_buffer_number_to_merge: 1
2022/02/01-19:45:31.726400 7f3f954a9700     Options.max_write_buffer_number_to_maintain: 0
2022/02/01-19:45:31.726401 7f3f954a9700     Options.max_write_buffer_size_to_maintain: 134217728
2022/02/01-19:45:31.726402 7f3f954a9700            Options.bottommost_compression_opts.window_bits: -14
2022/02/01-19:45:31.726403 7f3f954a9700                  Options.bottommost_compression_opts.level: 32767
2022/02/01-19:45:31.726404 7f3f954a9700               Options.bottommost_compression_opts.strategy: 0
2022/02/01-19:45:31.726406 7f3f954a9700         Options.bottommost_compression_opts.max_dict_bytes: 0
2022/02/01-19:45:31.726407 7f3f954a9700         Options.bottommost_compression_opts.zstd_max_train_bytes: 0
2022/02/01-19:45:31.726408 7f3f954a9700         Options.bottommost_compression_opts.parallel_threads: 1
2022/02/01-19:45:31.726409 7f3f954a9700                  Options.bottommost_compression_opts.enabled: false
2022/02/01-19:45:31.726410 7f3f954a9700            Options.compression_opts.window_bits: -14
2022/02/01-19:45:31.726411 7f3f954a9700                  Options.compression_opts.level: 32767
2022/02/01-19:45:31.726412 7f3f954a9700               Options.compression_opts.strategy: 0
2022/02/01-19:45:31.726413 7f3f954a9700         Options.compression_opts.max_dict_bytes: 0
2022/02/01-19:45:31.726415 7f3f954a9700         Options.compression_opts.zstd_max_train_bytes: 0
2022/02/01-19:45:31.726416 7f3f954a9700         Options.compression_opts.parallel_threads: 1
2022/02/01-19:45:31.726418 7f3f954a9700                  Options.compression_opts.enabled: false
2022/02/01-19:45:31.726419 7f3f954a9700      Options.level0_file_num_compaction_trigger: 4
2022/02/01-19:45:31.726420 7f3f954a9700          Options.level0_slowdown_writes_trigger: 20
2022/02/01-19:45:31.726421 7f3f954a9700              Options.level0_stop_writes_trigger: 36
2022/02/01-19:45:31.726423 7f3f954a9700                   Options.target_file_size_base: 67108864
2022/02/01-19:45:31.726424 7f3f954a9700             Options.target_file_size_multiplier: 1
2022/02/01-19:45:31.726426 7f3f954a9700                Options.max_bytes_for_level_base: 268435456
2022/02/01-19:45:31.726427 7f3f954a9700 Options.level_compaction_dynamic_level_bytes: 0
2022/02/01-19:45:31.726428 7f3f954a9700          Options.max_bytes_for_level_multiplier: 10.000000
2022/02/01-19:45:31.726430 7f3f954a9700 Options.max_bytes_for_level_multiplier_addtl[0]: 1
2022/02/01-19:45:31.726432 7f3f954a9700 Options.max_bytes_for_level_multiplier_addtl[1]: 1
2022/02/01-19:45:31.726433 7f3f954a9700 Options.max_bytes_for_level_multiplier_addtl[2]: 1
2022/02/01-19:45:31.726435 7f3f954a9700 Options.max_bytes_for_level_multiplier_addtl[3]: 1
2022/02/01-19:45:31.726436 7f3f954a9700 Options.max_bytes_for_level_multiplier_addtl[4]: 1
2022/02/01-19:45:31.726438 7f3f954a9700 Options.max_bytes_for_level_multiplier_addtl[5]: 1
2022/02/01-19:45:31.726439 7f3f954a9700 Options.max_bytes_for_level_multiplier_addtl[6]: 1
2022/02/01-19:45:31.726441 7f3f954a9700       Options.max_sequential_skip_in_iterations: 8
2022/02/01-19:45:31.726456 7f3f954a9700                    Options.max_compaction_bytes: 1677721600
2022/02/01-19:45:31.726458 7f3f954a9700                        Options.arena_block_size: 8388608
2022/02/01-19:45:31.726460 7f3f954a9700   Options.soft_pending_compaction_bytes_limit: 68719476736
2022/02/01-19:45:31.726461 7f3f954a9700   Options.hard_pending_compaction_bytes_limit: 274877906944
2022/02/01-19:45:31.726462 7f3f954a9700       Options.rate_limit_delay_max_milliseconds: 100
2022/02/01-19:45:31.726464 7f3f954a9700                Options.disable_auto_compactions: 0
2022/02/01-19:45:31.726465 7f3f954a9700                        Options.compaction_style: kCompactionStyleLevel
2022/02/01-19:45:31.726467 7f3f954a9700                          Options.compaction_pri: kMinOverlappingRatio
2022/02/01-19:45:31.726468 7f3f954a9700 Options.compaction_options_universal.size_ratio: 1
2022/02/01-19:45:31.726470 7f3f954a9700 Options.compaction_options_universal.min_merge_width: 2
2022/02/01-19:45:31.726471 7f3f954a9700 Options.compaction_options_universal.max_merge_width: 4294967295
2022/02/01-19:45:31.726472 7f3f954a9700 Options.compaction_options_universal.max_size_amplification_percent: 200
2022/02/01-19:45:31.726473 7f3f954a9700 Options.compaction_options_universal.compression_size_percent: -1
2022/02/01-19:45:31.726474 7f3f954a9700 Options.compaction_options_universal.stop_style: kCompactionStopStyleTotalSize
2022/02/01-19:45:31.726476 7f3f954a9700 Options.compaction_options_fifo.max_table_files_size: 1073741824
2022/02/01-19:45:31.726477 7f3f954a9700 Options.compaction_options_fifo.allow_compaction: 0
2022/02/01-19:45:31.726481 7f3f954a9700                   Options.table_properties_collectors: 
2022/02/01-19:45:31.726482 7f3f954a9700                   Options.inplace_update_support: 0
2022/02/01-19:45:31.726483 7f3f954a9700                 Options.inplace_update_num_locks: 10000
2022/02/01-19:45:31.726485 7f3f954a9700               Options.memtable_prefix_bloom_size_ratio: 0.000000
2022/02/01-19:45:31.726487 7f3f954a9700               Options.memtable_whole_key_filtering: 0
2022/02/01-19:45:31.726488 7f3f954a9700   Options.memtable_huge_page_size: 0
2022/02/01-19:45:31.726489 7f3f954a9700                           Options.bloom_locality: 0
2022/02/01-19:45:31.726490 7f3f954a9700                    Options.max_successive_merges: 0
2022/02/01-19:45:31.726491 7f3f954a9700                Options.optimize_filters_for_hits: 0
2022/02/01-19:45:31.726492 7f3f954a9700                Options.paranoid_file_checks: 0
2022/02/01-19:45:31.726493 7f3f954a9700                Options.force_consistency_checks: 1
2022/02/01-19:45:31.726493 7f3f954a9700                Options.report_bg_io_stats: 0
2022/02/01-19:45:31.726494 7f3f954a9700                               Options.ttl: 2592000
2022/02/01-19:45:31.726495 7f3f954a9700          Options.periodic_compaction_seconds: 0
2022/02/01-19:45:31.726496 7f3f954a9700                    Options.enable_blob_files: false
2022/02/01-19:45:31.726497 7f3f954a9700                        Options.min_blob_size: 0
2022/02/01-19:45:31.726498 7f3f954a9700                       Options.blob_file_size: 268435456
2022/02/01-19:45:31.726499 7f3f954a9700                Options.blob_compression_type: NoCompression
2022/02/01-19:45:31.726500 7f3f954a9700       Options.enable_blob_garbage_collection: false
2022/02/01-19:45:31.726501 7f3f954a9700   Options.blob_garbage_collection_age_cutoff: 0.250000
2022/02/01-19:45:31.726542 7f3f954a9700 [/column_family.cc:597] --------------- Options for column family []:
2022/02/01-19:45:31.726543 7f3f954a9700               Options.comparator: leveldb.BytewiseComparator
2022/02/01-19:45:31.726544 7f3f954a9700           Options.merge_operator: None
2022/02/01-19:45:31.726545 7f3f954a9700        Options.compaction_filter: None
2022/02/01-19:45:31.726546 7f3f954a9700        Options.compaction_filter_factory: None
2022/02/01-19:45:31.726547 7f3f954a9700  Options.sst_partitioner_factory: None
2022/02/01-19:45:31.726547 7f3f954a9700         Options.memtable_factory: SkipListFactory
2022/02/01-19:45:31.726559 7f3f954a9700            Options.table_factory: BlockBasedTable
2022/02/01-19:45:31.726583 7f3f954a9700            table_factory options:   flush_block_policy_factory: FlushBlockBySizePolicyFactory (0x7f3f917f5020)
  cache_index_and_filter_blocks: 0
  cache_index_and_filter_blocks_with_high_priority: 1
  pin_l0_filter_and_index_blocks_in_cache: 0
  pin_top_level_index_and_filter: 1
  index_type: 0
  data_block_index_type: 0
  index_shortening: 1
  data_block_hash_table_util_ratio: 0.750000
  hash_index_allow_collision: 1
  checksum: 1
  no_block_cache: 0
  block_cache: 0x7f3f917f5060
  block_cache_name: LRUCache
  block_cache_options:
    capacity : 8388608
    num_shard_bits : 4
    strict_capacity_limit : 0
    memory_allocator : None
    high_pri_pool_ratio: 0.000
  block_cache_compressed: (nil)
  persistent_cache: (nil)
  block_size: 4096
  block_size_deviation: 10
  block_restart_interval: 16
  index_block_restart_interval: 1
  metadata_block_size: 4096
  partition_filters: 0
  use_delta_encoding: 1
  filter_policy: nullptr
  whole_key_filtering: 1
  verify_compression: 0
  read_amp_bytes_per_bit: 0
  format_version: 4
  enable_index_compression: 1
  block_align: 0
2022/02/01-19:45:31.726586 7f3f954a9700        Options.write_buffer_size: 67108864
2022/02/01-19:45:31.726587 7f3f954a9700  Options.max_write_buffer_number: 2
2022/02/01-19:45:31.726588 7f3f954a9700          Options.compression: Snappy
2022/02/01-19:45:31.726588 7f3f954a9700                  Options.bottommost_compression: Disabled
2022/02/01-19:45:31.726589 7f3f954a9700       Options.prefix_extractor: nullptr
2022/02/01-19:45:31.726590 7f3f954a9700   Options.memtable_insert_with_hint_prefix_extractor: nullptr
2022/02/01-19:45:31.726591 7f3f954a9700             Options.num_levels: 7
2022/02/01-19:45:31.726592 7f3f954a9700        Options.min_write_buffer_number_to_merge: 1
2022/02/01-19:45:31.726593 7f3f954a9700     Options.max_write_buffer_number_to_maintain: 0
2022/02/01-19:45:31.726593 7f3f954a9700     Options.max_write_buffer_size_to_maintain: 134217728
2022/02/01-19:45:31.726594 7f3f954a9700            Options.bottommost_compression_opts.window_bits: -14
2022/02/01-19:45:31.726595 7f3f954a9700                  Options.bottommost_compression_opts.level: 32767
2022/02/01-19:45:31.726596 7f3f954a9700               Options.bottommost_compression_opts.strategy: 0
2022/02/01-19:45:31.726597 7f3f954a9700         Options.bottommost_compression_opts.max_dict_bytes: 0
2022/02/01-19:45:31.726597 7f3f954a9700         Options.bottommost_compression_opts.zstd_max_train_bytes: 0
2022/02/01-19:45:31.726598 7f3f954a9700         Options.bottommost_compression_opts.parallel_threads: 1
2022/02/01-19:45:31.726599 7f3f954a9700                  Options.bottommost_compression_opts.enabled: false
2022/02/01-19:45:31.726600 7f3f954a9700            Options.compression_opts.window_bits: -14
2022/02/01-19:45:31.726601 7f3f954a9700                  Options.compression_opts.level: 32767
